1.958477
11.965298
20.543774
27.078157
30.868126
31.369591
28.500919
22.697606
14.646795
5.003067
1.930272
11.954087
20.554584
27.115947
30.935709
31.465093
28.617702
22.827495
14.783198
5.141832
1.907801
11.949121
20.572176
27.160981
31.010755
31.567878
28.741172
22.963223
14.924544
5.284727
1.891113
11.950432
20.596563
27.213252
31.093239
31.677901
28.871264
23.104705
15.070735
5.431648
1.880254
11.958047
20.627754
27.272749
31.183132
31.795114
29.007909
23.251855
15.221673
5.582489
1.875268
11.971991
20.665754
27.339458
31.280401
31.919464
29.151035
23.404585
15.377258
5.737145
1.876192
11.992284
20.710565
27.413363
31.385011
32.050897
29.300567
23.562804
15.537388
5.895509
1.883063
12.018944
20.762185
27.494443
31.496922
32.189355
29.456431
23.726418
15.701959
6.057473
1.895911
12.051983
20.820607
27.582673
31.616093
32.334779
29.618545
23.895333
15.870866
6.222928
1.914765
12.091411
20.885822
27.678026
31.742479
32.487104
29.786829
24.069452
16.044003
6.391764
1.939647
12.137232
20.957818
27.78047
31.876032
32.646266
29.961198
24.248673
16.221261
6.563873
1.970578
12.189448
21.036577
27.889973
32.016701
32.812196
30.141566
24.432898
16.402531
6.739143
2.007573
12.248058
21.122078
28.006496
32.164432
32.984823
30.327843
24.622021
16.587703
6.917463
2.050646
12.313054
21.214299
28.129997
32.319168
33.164073
30.51994
24.81594
16.776666
7.098724
2.099802
12.384426
21.313209
28.260434
32.48085
33.349871
30.717762
25.014546
16.969308
7.282814
2.155047
12.46216
21.418779
28.397758
32.649416
33.542138
30.921215
25.217733
17.165514
7.469622
2.216381
12.546239
21.530973
28.541919
32.824801
33.740794
31.130201
25.42539
17.365173
7.659036
2.283798
12.63664
21.649753
28.692863
33.006936
33.945755
31.344621
25.637408
17.568168
7.850947
2.357292
12.733339
21.775077
28.850534
33.195752
34.156937
31.564374
25.853673
17.774386
8.045244
2.436849
12.836305
21.906898
29.014871
33.391176
34.374253
31.789359
26.074072
17.98371
8.241817
2.522454
12.945506
22.045169
29.185813
33.593134
34.597613
32.019469
26.298492
18.196025
8.440556
2.614087
13.060904
22.189836
29.363293
33.801546
34.826926
32.254601
26.526816
18.411216
8.641352
2.711722
13.18246
22.340845
29.547243
34.016333
35.062099
32.494645
26.758928
18.629164
8.844097
2.815332
13.310129
22.498136
29.737591
34.237414
35.303037
32.739493
26.994711
18.849756
9.048682
2.924885
13.443862
22.661646
29.934264
34.464703
35.549643
32.989035
27.234047
19.072873
9.255003
3.040344
13.583609
22.831311
30.137184
34.698115
35.801819
33.243159
27.476817
19.298401
9.462951
3.16167
13.729314
23.007062
30.346273
34.937559
36.059465
33.501753
27.722902
19.526224
9.672424
3.288818
13.880918
23.188828
30.561448
35.182947
36.322479
33.764702
27.972181
19.756225
9.883316
3.42174
14.038361
23.376532
30.782625
35.434185
36.590759
34.031891
28.224536
19.98829
10.095525
3.560386
14.201575
23.570099
31.009717
35.691179
36.864199
34.303205
28.479844
20.222304
10.30895
3.7047
14.370493
23.769448
31.242635
35.953833
37.142694
34.578527
28.737985
20.458153
10.523491
3.854623
14.545043
23.974495
31.481287
36.222049
37.426137
34.857738
28.998839
20.695723
10.739049
4.010093
14.725149
24.185153
31.725579
36.495726
37.714419
35.14072
29.262284
20.934902
10.955527
4.171043
14.910733
24.401335
31.975417
36.774765
38.007432
35.427354
29.528198
21.175578
11.172828
0.108498
4.337404
15.101713
24.622949
32.2307
37.059062
38.305065
35.717519
29.796461
21.41764
11.39086
0.307287
4.509103
15.298005
24.849901
32.49133
37.348514
38.607205
36.011096
30.066952
21.660977
11.609528
0.506353
4.686064
15.499521
25.082093
32.757204
37.643014
38.913742
36.307964
30.339549
21.905481
11.828744
0.705624
4.868207
15.706172
25.319428
33.028219
37.942455
39.22456
36.608
30.614133
22.151043
12.048416
0.905031
5.055449
15.917864
25.561804
33.304267
38.246731
39.539548
36.911083
30.890583
22.397558
12.268459
1.10451
5.247705
16.134501
25.809117
33.585243
38.555731
39.858589
37.217092
31.16878
22.644919
12.488786
1.303994
5.444885
16.355985
26.061262
33.871036
38.869344
40.181568
37.525903
31.448604
22.893022
12.709315
1.503422
5.646898
16.582215
26.318129
34.161535
39.18746
40.508369
37.837394
31.729938
23.141765
12.929963
1.702734
5.853648
16.813087
26.57961
34.456628
39.509966
40.838876
38.151443
32.012662
23.391046
13.150652
1.901872
6.065038
17.048496
26.845592
34.756201
39.836748
41.17297
38.467926
32.29666
23.640766
13.371303
2.10078
6.280969
17.288332
27.115961
35.060138
40.167693
41.510536
38.786722
32.581815
23.890827
13.591841
2.299406
6.501336
17.532486
27.390601
35.368322
40.502684
41.851454
39.107708
32.868012
24.141131
13.812193
2.497697
6.726034
17.780844
27.669394
35.680634
40.841605
42.195606
39.430761
33.155137
24.391584
14.032287
2.695606
6.954955
18.033293
27.95222
35.996955
41.184341
42.542874
39.755759
33.443075
24.642094
14.252054
2.893086
7.18799
18.289714
28.238958
36.317164
41.530774
42.893139
40.08258
33.731715
24.892568
14.471428
3.090092
7.425025
18.549989
28.529486
36.641139
41.880785
43.246282
40.411102
34.020944
25.142917
14.690344
3.286583
7.665946
18.813998
28.823679
36.968757
42.234256
43.602184
40.741205
34.310654
25.393055
14.908739
3.482517
7.910635
19.081617
29.12141
37.299892
42.591069
43.960725
41.072767
34.600734
25.642895
15.126554
3.677859
8.158975
19.352723
29.422552
37.634421
42.951103
44.321787
41.405668
34.891078
25.892354
15.343729
3.872571
8.410843
19.62719
29.726978
37.972215
43.314238
44.68525
41.739788
35.181579
26.14135
15.560211
4.06662
8.666118
19.90489
30.034555
38.313149
43.680355
45.050996
42.075008
35.472133
26.389805
15.775944
4.259976
8.924675
20.185695
30.345154
38.657093
44.049332
45.418905
42.411209
35.762636
26.63764
15.990879
4.452609
9.186388
20.469473
30.658642
39.003919
44.421049
45.788859
42.748274
36.052987
26.884782
16.204965
4.644491
9.45113
20.756094
30.974884
39.353497
44.795384
46.160738
43.086085
36.343086
27.131157
16.418158
4.835599
9.71877
21.045424
31.293747
39.705696
45.172216
46.534425
43.424527
36.632835
27.376694
16.630412
5.025908
10.0572
21.410692
31.695803
40.14943
45.646581
47.003896
43.848289
36.994381
27.682334
16.894346
5.262641
10.330886
21.705625
32.020063
40.507045
46.028586
47.381219
44.187727
37.28299
27.925741
17.104339
5.45108
10.607043
22.002829
32.346499
40.866852
46.412691
47.759968
44.527423
37.570943
28.168096
17.313265
5.638659
10.885536
22.302164
32.674971
41.228716
46.798776
48.140024
44.867266
37.858147
28.409339
17.52109
5.825365
11.166231
22.603492
33.005341
41.592505
47.186717
48.521272
45.207143
38.144514
28.649412
17.727781
6.011182
11.44899
22.906675
33.337468
41.958083
47.576393
48.903596
45.546944
38.429958
28.888258
17.933309
6.1961
11.733678
23.211572
33.671211
42.325315
47.967682
49.28688
45.886562
38.714394
29.125824
18.137645
6.38011
12.020155
23.518044
34.006428
42.694067
48.360462
49.67101
46.225887
38.99774
29.362058
18.340763
6.563203
0.273827
12.308284
23.825947
34.342979
43.0642
48.754611
50.055871
46.564813
39.279915
29.596912
18.542639
6.745372
0.553074
12.597925
24.135142
34.680719
43.43558
49.150007
50.441349
46.903236
39.560842
29.830338
18.743252
6.926614
0.833981
12.888939
24.445485
35.019506
43.80807
49.546528
50.827331
47.241051
39.840444
30.062293
18.942583
7.106924
1.116406
13.181186
24.756835
35.359197
44.181531
49.944053
51.213705
47.578157
40.118647
30.292734
19.140613
7.286301
1.400212
13.474524
25.069048
35.699647
44.555828
50.34246
51.60036
47.914451
40.395382
30.521623
19.337327
7.464744
1.685259
13.768814
25.381981
36.040712
44.930821
50.741627
51.987184
48.249836
40.670577
30.748923
19.53271
7.642254
1.971406
14.063914
25.695491
36.382248
45.306372
51.141435
52.374066
48.584212
40.944167
30.974598
19.726753
7.818832
2.258513
14.359683
26.009435
36.724111
45.682344
51.541762
52.760898
48.917485
41.216087
31.198616
19.919443
7.994481
2.546441
14.655981
26.323668
37.066155
46.058597
51.942486
53.147571
49.249558
41.486276
31.420948
20.110773
8.169207
2.835048
14.952667
26.638049
37.408235
46.434993
52.343488
53.533976
49.58034
41.754673
31.641566
20.300737
8.343013
3.124194
15.249598
26.952433
37.750206
46.811393
52.744648
53.920008
49.909739
42.021222
31.860444
20.48933
8.515907
3.41374
15.546636
27.266677
38.091925
47.187657
53.145845
54.30556
50.237665
42.285868
32.077559
20.676548
8.687895
3.703545
15.843639
27.580639
38.433244
47.563647
53.546959
54.690526
50.564032
42.548559
32.29289
20.86239
8.858985
3.99347
16.140467
27.894176
38.774021
47.939222
53.947872
55.074803
50.888753
42.809246
32.506419
21.046855
9.029186
4.283375
16.436981
28.207145
39.11411
48.314243
54.348463
55.458286
51.211745
43.067881
32.718129
21.229945
9.198508
4.573123
16.733041
28.519406
39.453367
48.68857
54.748614
55.840875
51.532925
43.324419
32.928005
21.411663
9.366959
4.862574
17.02851
28.830817
39.791647
49.062065
55.148206
56.222467
51.852215
43.578818
33.136035
21.592013
9.534551
5.151591
17.32325
29.141238
40.128807
49.434586
55.547121
56.602963
52.169535
43.831039
33.342208
21.770999
9.701295
5.440037
17.617122
29.450529
40.464705
49.805995
55.94524
56.982262
52.484811
44.081045
33.546517
21.948628
9.867202
5.727777
17.909992
29.758551
40.799196
50.176153
56.342445
57.360268
52.797969
44.3288
33.748954
22.124907
10.032283
6.014674
18.201724
30.065166
41.13214
50.544918
56.73862
57.736882
53.108937
44.574274
33.949514
22.299846
10.196551
6.300595
18.492183
30.370236
41.463393
50.912153
57.133646
58.112008
53.417646
44.817435
34.148196
22.473453
10.360017
6.585407
18.781237
30.673626
41.792817
51.277718
57.527407
58.485552
53.724028
45.058256
34.344997
22.645738
10.522694
6.868977
19.068753
30.975201
42.12027
51.641474
57.919786
58.857421
54.028019
45.296713
34.539919
22.816714
10.684594
7.151174
19.3546
31.274826
42.445613
52.003281
58.310666
59.227521
54.329557
45.532784
34.732962
22.986391
10.845729
7.431868
19.638649
31.57237
42.768709
52.363003
58.699931
59.59576
54.62858
45.766447
34.924132
23.154781
11.00611
7.710932
19.920772
31.867701
43.089419
52.7205
59.087465
59.96205
54.925031
45.997686
35.113433
23.321899
11.165751
7.988237
20.200842
32.16069
43.407609
53.075635
59.473153
60.326301
55.218854
46.226484
35.300872
23.487757
11.324661
8.263658
20.478734
32.451207
43.723144
53.42827
59.856879
60.688425
55.509996
46.452829
35.486455
23.65237
11.482853
8.537072
20.754325
32.739128
44.03589
53.778269
60.238528
61.048335
55.798406
46.676709
35.670194
23.815751
11.640337
8.808355
21.027492
33.024327
44.345715
54.125495
60.617986
61.405947
56.084035
46.898115
35.852097
23.977916
11.797123
9.077388
21.298117
33.306681
44.652488
54.469813
60.995136
61.761176
56.366837
47.117041
36.032176
24.138878
11.953222
9.34405
21.56608
33.586069
44.956082
54.811088
61.369866
62.11394
56.646768
47.333481
36.210444
24.298653
12.108642
9.608224
21.831266
33.862372
45.256369
55.149186
61.742061
62.464157
56.923787
47.547433
36.386913
24.457254
12.263391
0.12417
9.869796
22.093561
34.135474
45.553223
55.483974
62.111608
62.811748
57.197855
47.758896
36.561598
24.614698
12.417477
0.286033
10.128653
22.352853
34.40526
45.846523
55.81532
62.478391
63.156633
57.468936
47.967871
36.734513
24.770998
12.570908
0.447597
10.384681
22.609033
34.671618
46.136146
56.143091
62.842299
63.498735
57.736995
48.17436
36.905675
24.926168
12.723689
0.608855
10.637774
22.861992
34.934437
46.421973
56.467159
63.203218
63.837979
58.002
48.378367
37.075098
25.080223
12.875824
0.769799
10.887823
23.111626
35.19361
46.703889
56.787394
63.561035
64.174289
58.263922
48.5799
37.242799
25.233176
13.027319
0.930417
11.134723
23.357833
35.449034
46.981779
57.10367
63.915638
64.507592
58.522734
48.778964
37.408795
25.385041
13.178176
1.0907
11.378373
23.600512
35.700605
47.255531
57.41586
64.266914
64.837817
58.778411
48.97557
37.573104
25.535829
13.328396
1.250633
11.618673
23.839567
35.948225
47.525038
57.723841
64.614751
65.164892
59.030931
49.169727
37.735742
25.685552
13.477982
1.410203
11.855524
24.074902
36.191797
47.790192
58.027489
64.959038
65.488748
59.280273
49.361446
37.896728
25.834223
13.626931
1.569393
0.060971
12.088832
24.306426
36.431228
48.050892
58.326685
65.299662
65.809318
59.52642
49.550741
38.056078
25.981851
13.775243
1.728187
0.30041
12.318505
24.53405
36.666428
48.307037
58.621309
65.636514
66.126535
59.769355
49.737625
38.213809
26.128446
13.922913
1.886564
0.5363
12.544451
24.757687
36.89731
48.55853
58.911247
65.969481
66.440333
60.009065
49.922113
38.36994
26.274018
14.069939
2.044504
0.768549
12.766586
24.977255
37.12379
48.80528
59.196383
66.298454
66.75065
60.245539
50.10422
38.524486
26.418572
14.216313
2.201985
0.997066
12.984823
25.192673
37.345789
49.047195
59.476607
66.623322
67.057421
60.478765
50.283963
38.677465
26.562117
14.362028
2.358981
1.221762
13.199082
25.403866
37.563229
49.28419
59.751809
66.943975
67.360588
60.708737
50.461359
38.828893
26.704658
14.507077
2.515469
1.442552
13.409284
25.610758
37.776037
49.516182
60.021885
67.260306
67.660088
60.935449
50.636424
38.978785
26.846199
14.651447
2.671419
1.659354
13.615354
25.81328
37.984144
49.743094
60.286732
67.572204
67.955865
61.158896
50.809177
39.127155
26.986744
14.795128
2.826803
1.872088
13.817218
26.011365
38.187484
49.964851
60.54625
67.879562
68.24786
61.379076
50.979637
39.274019
27.126294
14.938105
2.981589
2.080675
14.014807
26.204949
38.385995
50.181382
60.800343
68.182272
68.536018
61.595987
51.147821
39.419389
27.26485
15.080365
3.135746
2.285042
14.208055
26.393971
38.579618
50.392622
61.048919
68.480229
68.820283
61.809632
51.313747
39.563279
27.402412
15.221889
3.289238
2.485116
14.396899
26.578376
38.7683
50.598508
61.291889
68.773324
69.100602
62.02001
51.477435
39.705699
27.538976
15.362659
3.44203
2.68083
14.581277
26.758109
38.95199
50.798984
61.52917
69.061455
69.376922
62.227127
51.638902
39.84666
27.674539
15.502656
3.594083
2.872118
14.761133
26.933122
39.130642
50.993998
61.76068
69.344516
69.649193
62.430985
51.798167
39.986171
27.809096
15.641857
3.745359
3.058916
14.936414
27.103368
39.304213
51.1835
61.986343
69.622404
69.917363
62.631591
51.955246
40.124241
27.94264
15.780238
3.895816
3.241165
15.10707
27.268804
39.472667
51.367448
62.206089
69.895018
70.181383
62.828951
52.110158
40.260876
28.075162
15.917775
4.04541
3.418808
15.273052
27.429393
39.635968
51.545804
62.419851
70.162256
70.441204
63.023071
52.262919
40.396081
28.206652
16.05444
4.194098
3.591792
15.434317
27.585099
39.794088
51.718533
62.627566
70.42402
70.69678
63.21396
52.413543
40.529861
28.337097
16.190204
4.341833
3.760066
15.590826
27.735891
39.947
51.885606
62.829179
70.680212
70.948062
63.401627
52.562047
40.662218
28.466484
16.325036
4.488567
3.923583
15.74254
27.881742
40.094685
52.047001
63.024638
70.930737
71.195006
63.586079
52.708443
40.793153
28.594798
16.458904
4.634251
4.082299
15.889428
28.022627
40.237124
52.202698
63.213897
71.175499
71.437565
63.767325
52.852746
40.922665
28.72202
16.591774
4.778833
4.236172
16.031457
28.158527
40.374305
52.352684
63.396916
71.414408
71.675695
63.945376
52.994966
41.050751
28.848132
16.723609
4.922261
4.385165
16.168603
28.289426
40.506221
52.496949
63.57366
71.647374
71.909352
64.120239
53.135113
41.177407
28.973112
16.854371
5.06448
4.529244
16.300842
28.41531
40.632866
52.635489
63.7441
71.874309
72.138492
64.291923
53.273197
41.302627
29.096938
16.98402
5.205434
4.668376
16.428154
28.536173
40.75424
52.768307
63.908213
72.095129
72.363071
64.460438
53.409226
41.426403
29.219583
17.112516
5.345067
4.802535
16.550523
28.652007
40.870349
52.895408
64.065981
72.309752
72.583047
64.62579
53.543204
41.548725
29.341022
17.239815
5.483318
4.931694
16.667936
28.762813
40.981199
53.016804
64.217395
72.518101
72.798375
64.787987
53.675135
41.66958
29.461225
17.365872
5.620129
5.055833
16.780383
28.868592
41.086805
53.13251
64.362448
72.720099
73.009013
64.947035
53.805023
41.788955
29.580162
17.49064
5.755438
5.174933
16.887859
28.969351
41.187181
53.242547
64.501142
72.915676
73.214918
65.10294
53.932867
41.906833
29.6978
17.614071
5.889181
5.288979
16.990362
29.065099
41.282348
53.346941
64.633483
73.104763
73.416046
65.255706
54.058666
42.023197
29.814103
17.736114
6.021295
5.39796
17.087891
29.155849
41.372332
53.445722
64.759485
73.287297
73.612354
65.405335
54.182415
42.138026
29.929035
17.856719
6.151714
5.501866
17.180452
29.241618
41.457159
53.538925
64.879167
73.463219
73.803799
65.551829
54.30411
42.251296
30.042558
17.975831
6.280371
5.600692
17.268051
29.322427
41.536862
53.626588
64.992554
73.632472
73.990335
65.695188
54.423741
42.362985
30.154631
18.093396
6.407199
5.694436
17.350699
29.398298
41.611476
53.708757
65.099677
73.795009
74.171918
65.83541
54.541299
42.473063
30.26521
18.209357
6.532129
5.783099
17.428411
29.469259
41.681041
53.785477
65.200571
73.950782
74.348501
65.97249
54.65677
42.581503
30.374253
18.323656
6.655091
5.866685
17.501203
29.535339
41.745599
53.856801
65.29528
74.099753
74.52004
66.106423
54.770138
42.688273
30.481711
18.436234
6.776014
5.945201
17.569095
29.596573
41.805195
53.922784
65.383851
74.241886
74.686485
66.2372
54.881387
42.793338
30.587538
18.547029
6.894826
6.018658
17.632112
29.652995
41.85988
53.983486
65.466335
74.377153
74.84779
66.36481
54.990495
42.896662
30.691682
18.655981
7.011455
6.087069
17.690279
29.704646
41.909704
54.038969
65.542792
74.505529
75.003904
66.489241
55.09744
42.998208
30.794093
18.763024
7.125828
6.150451
17.743627
29.751569
41.954723
54.089299
65.613284
74.626999
75.154778
66.610477
55.202195
43.097935
30.894715
18.868094
7.237869
6.208822
17.792186
29.793807
41.994995
54.134546
65.677877
74.741548
75.30036
66.728498
55.304732
43.1958
30.993494
18.971125
7.347506
6.262205
17.835992
29.831409
42.030581
54.174782
65.736643
74.849173
75.440596
66.843284
55.40502
43.291756
31.090372
19.072049
7.454662
6.310626
17.875083
29.864426
42.061543
54.210081
65.789657
74.949873
75.575434
66.95481
55.503025
43.385759
31.185291
19.1708
7.559261
6.354112
17.9095
29.89291
42.087948
54.240521
65.836999
75.043655
75.704818
67.06305
55.59871
43.477756
31.278189
19.267306
7.661228
6.392694
17.939286
29.916916
42.109863
54.266183
65.87875
75.130531
75.828691
67.167972
55.692036
43.567698
31.369006
19.361498
7.760486
6.426405
17.964486
29.936503
42.127357
54.287146
65.914996
75.210519
75.946996
67.269542
55.78296
43.65553
31.457677
19.453304
7.856958
6.455283
17.985149
29.95173
42.140504
54.303496
65.945826
75.283643
76.059674
67.367725
55.871438
43.741196
31.544138
19.542654
7.950567
6.479365
18.001325
29.96266
42.149375
54.315318
65.97133
75.349933
76.166664
67.462478
55.95742
43.824637
31.628322
19.629473
8.041236
6.498693
18.013066
29.969355
42.154047
54.322698
65.991601
75.409424
76.267906
67.55376
56.040857
43.905795
31.710161
19.713688
8.128887
6.513311
18.020428
29.971882
42.154597
54.325725
66.006733
75.462156
76.363338
67.641523
56.121695
43.984607
31.789587
19.795226
8.213445
6.523265
18.023468
29.970308
42.151102
54.324487
66.016824
75.508176
76.452897
67.725717
56.199878
44.061008
31.866529
19.874013
8.294831
6.528603
18.022244
29.964702
42.143641
54.319075
66.021969
75.547534
76.536519
67.806288
56.275347
44.134935
31.940917
19.949972
8.37297
6.529376
18.016817
29.955135
42.132294
54.309578
66.022267
75.580283
76.61414
67.883179
56.348042
44.206318
32.012678
20.02303
8.447784
6.525638
18.007251
29.941678
42.117144
54.296089
66.017817
75.606484
76.685696
67.95633
56.417897
44.275089
32.08174
20.09311
8.519198
6.517442
17.993609
29.924405
42.09827
54.278696
66.008717
75.626199
76.751123
68.025678
56.484847
44.341178
32.148028
20.160138
8.587137
6.504846
17.975957
29.903389
42.075756
54.257492
65.995065
75.639493
76.810356
68.091156
56.548823
44.404511
32.211468
20.224037
8.651526
6.48791
17.954362
29.878705
42.049684
54.232567
65.97696
75.646437
76.863332
68.152694
56.609755
44.465017
32.271985
20.284733
8.71229
6.466693
17.928894
29.85043
42.020136
54.204011
65.954498
75.647101
76.909988
68.21022
56.667568
44.522619
32.329502
20.34215
8.769356
6.441259
17.899623
29.81864
41.987197
54.171914
65.927777
75.641559
76.950262
68.263659
56.722188
44.577243
32.383945
20.396212
8.822652
6.41167
17.866618
29.783412
41.950948
54.136364
65.896889
75.629887
76.984092
68.312932
56.773537
44.62881
32.435237
20.446845
8.872105
6.377995
17.829954
29.744824
41.911471
54.097449
65.86193
75.612161
77.011421
68.35796
56.821537
44.677242
32.4833
20.493976
8.917646
6.340298
17.789702
29.702953
41.868851
54.055256
65.82299
75.58846
77.03219
68.398659
56.866106
44.722462
32.528059
20.537529
8.959206
6.29865
17.745938
29.657879
41.823167
54.009871
65.780159
75.558863
77.046345
68.434945
56.907163
44.764389
32.569436
20.577433
8.996715
6.25312
17.698735
29.609679
41.774502
53.961376
65.733524
75.523446
77.053835
68.46673
56.944623
44.802943
32.607355
20.613614
9.030107
6.203779
17.64817
29.558432
41.722935
53.909855
65.683171
75.482291
77.054608
68.493927
56.978403
44.838044
32.64174
20.646002
9.059316
6.1507
17.594318
29.504216
41.668547
53.855388
65.62918
75.435473
77.048621
68.516447
57.008415
44.86961
32.672515
20.674525
9.084279
6.093956
17.537256
29.447109
41.611416
53.798054
65.571633
75.38307
77.03583
68.534197
57.034572
44.897561
32.699605
20.699115
9.104934
6.033621
17.47706
29.387189
41.55162
53.737928
65.510605
75.325159
77.016197
68.547088
57.056789
44.921816
32.722934
20.719704
9.121219
5.96977
17.413808
29.324534
41.489235
53.675087
65.44617
75.261814
76.989687
68.555026
57.074975
44.942293
32.742428
20.736224
9.133076
5.902481
17.347577
29.259219
41.424335
53.609603
65.378398
75.193107
76.956271
68.55792
57.089043
44.958911
32.758015
20.748611
9.140447
5.831828
17.278443
29.191322
41.356996
53.541545
65.307358
75.119111
76.915923
68.555677
57.098905
44.971592
32.769622
20.756799
9.143277
5.757889
17.206485
29.120917
41.287288
53.470981
65.233112
75.039893
76.868622
68.548206
57.104472
44.980254
32.777179
20.760727
9.141514
5.680742
17.13178
29.04808
41.215284
53.397978
65.155722
74.955521
76.814352
68.535417
57.105656
44.98482
32.780615
20.760334
9.135106
5.600465
17.054403
28.972883
41.141051
53.322597
65.075244
74.866059
76.753103
68.51722
57.102369
44.98521
32.779862
20.755561
9.124003
5.517137
16.974432
28.8954
41.064656
53.2449
64.991733
74.77157
76.68487
68.493526
57.094525
44.981349
32.774853
20.746351
9.108161
5.430835
16.891942
28.815703
40.986167
53.164943
64.905238
74.672112
76.609651
68.464249
57.082038
44.973161
32.765523
20.732649
9.087533
5.341639
16.80701
28.733861
40.905645
53.082782
64.815806
74.567742
76.527451
68.429306
57.064824
44.960571
32.751808
20.714402
9.062079
5.249628
16.71971
28.649944
40.823153
52.99847
64.723481
74.458516
76.438282
68.388615
57.0428
44.943507
32.733647
20.69156
9.031758
5.15488
16.630116
28.56402
40.738751
52.912055
64.628302
74.344485
76.342157
68.342098
57.015885
44.921898
32.71098
20.664074
8.996533
5.057475
16.538303
28.476156
40.652496
52.823585
64.530306
74.225698
76.239097
68.289679
56.983998
44.895674
32.68375
20.631897
8.956371
4.95749
16.444343
28.386416
40.564443
52.733104
64.429526
74.102201
76.129127
68.231287
56.947064
44.86477
32.651901
20.594987
8.911239
4.855003
16.348307
28.294865
40.474647
52.640652
64.325991
73.974039
76.012278
68.166853
56.905006
44.82912
32.61538
20.553302
8.861109
4.750094
16.250268
28.201565
40.383159
52.546269
64.219728
73.841254
75.888585
68.096315
56.857754
44.788661
32.574136
20.506804
8.805953
4.642838
16.150294
28.106575
40.290027
52.44999
64.11076
73.703884
75.758086
68.019612
56.805238
44.743334
32.528122
20.455457
8.745748
4.533314
16.048455
28.009955
40.195299
52.351848
63.999106
73.561968
75.620827
67.93669
56.74739
44.693082
32.477293
20.399227
8.680475
4.421597
15.944818
27.911762
40.099019
52.251873
63.884785
73.415541
75.476854
67.847499
56.684149
44.63785
32.421606
20.338085
8.610114
4.307763
15.83945
27.812052
40.00123
52.150094
63.767809
73.264635
75.32622
67.751995
56.615454
44.577587
32.36102
20.272003
8.534651
4.191887
15.732416
27.710877
39.901972
52.046533
63.64819
73.109283
75.168981
67.650139
56.54125
44.512245
32.295501
20.200957
8.454075
4.074043
15.62378
27.60829
39.801282
51.941214
63.525937
72.949513
75.005197
67.541897
56.461484
44.441777
32.225013
20.124925
8.368376
3.954306
15.513604
27.50434
39.699197
51.834156
63.401055
72.785355
74.834929
67.42724
56.376108
44.366143
32.149526
20.04389
8.277548
3.832746
15.401949
27.399076
39.595749
51.725375
63.273547
72.616834
74.658245
67.306146
56.285077
44.285303
32.069013
19.957835
8.18159
3.709436
15.288875
27.292544
39.490969
51.614887
63.143415
72.443978
74.475211
67.178599
56.188353
44.199223
31.98345
19.86675
8.0805
3.584446
15.174439
27.184787
39.384887
51.502702
63.010656
72.26681
74.285901
67.044588
56.085898
44.107872
31.892816
19.770625
7.974284
3.457845
15.058699
27.075848
39.277529
51.388831
62.875268
72.085354
74.090388
66.904109
55.977683
44.011222
31.797094
19.669454
7.862946
3.329702
14.941709
26.965768
39.168918
51.273279
62.737246
71.899632
73.888748
66.757163
55.86368
43.909249
31.696269
19.563236
7.746498
3.200083
14.823522
26.854583
39.059077
51.156053
62.596581
71.709669
73.68106
66.603756
55.743869
43.801933
31.590332
19.451971
7.624952
3.069054
14.70419
26.742332
38.948025
51.037154
62.453264
71.515485
73.467403
66.443903
55.618232
43.689259
31.479276
19.335664
7.498325
2.93668
14.583763
26.629047
38.835781
50.916583
62.307287
71.317102
73.247859
66.277622
55.486757
43.571215
31.363096
19.214322
7.366634
2.803024
14.462288
26.514761
38.722359
50.794337
62.158635
71.114542
73.022513
66.104938
55.349438
43.447793
31.241795
19.087957
7.229904
2.668147
14.339812
26.399504
38.607773
50.670414
62.007297
70.907827
72.791448
65.925882
55.206272
43.318988
31.115375
18.956582
7.088159
2.532109
14.216379
26.283305
38.492034
50.544807
61.853257
70.696978
72.554751
65.74049
55.057262
43.184803
30.983844
18.820217
6.941429
2.394969
14.092033
26.16619
38.375151
50.41751
61.696502
70.482018
72.312509
65.548804
54.902417
43.045241
30.847215
18.678881
6.789745
2.256785
13.966814
26.048183
38.257131
50.288512
61.537014
70.262969
72.064811
65.35087
54.741748
42.900311
30.705501
18.532599
6.633142
2.117612
13.840762
25.929305
38.13798
50.157802
61.374777
70.039854
71.811745
65.146741
54.575274
42.750027
30.558722
18.3814
6.471659
1.977503
13.713913
25.809579
38.0177
50.02537
61.209775
69.812697
71.553402
64.936473
54.403018
42.594405
30.4069
18.225314
6.305336
1.836513
13.586303
25.689022
37.896294
49.8912
61.041989
69.581522
71.289872
64.72013
54.225007
42.433467
30.250061
18.064376
6.134219
1.69469
13.457966
25.56765
37.773761
49.755277
60.871401
69.346355
71.021246
64.497777
54.041274
42.26724
30.088236
17.898625
5.958354
1.552085
13.328933
25.445478
37.650099
49.617585
60.697995
69.107223
70.747618
64.269487
53.851857
42.095752
29.921457
17.728101
5.777793
1.408745
13.199234
25.32252
37.525304
49.478107
60.521753
68.864152
70.469078
64.035333
53.656797
41.919037
29.749762
17.552849
5.592588
1.264716
13.068897
25.198785
37.399371
49.336823
60.342657
68.617172
70.185721
63.795396
53.456142
41.737135
29.573192
17.372917
5.402797
1.120041
12.937949
25.074283
37.272293
49.193715
60.16069
68.366312
69.897639
63.549759
53.249943
41.550086
29.391791
17.188356
5.208477
0.974763
12.806414
24.949022
37.144061
49.048761
59.975835
68.111603
69.604926
63.298509
53.038256
41.357938
29.205607
16.99922
5.009693
0.828922
12.674314
24.823007
37.014666
48.90194
59.788078
67.853079
69.307676
63.041736
52.821141
41.16074
29.014691
16.805566
4.806508
0.682558
12.541671
24.696242
36.884097
48.753232
59.597402
67.590772
69.005984
62.779535
52.598663
40.958546
28.819099
16.607455
4.598992
0.535706
12.408502
24.568729
36.752341
48.602613
59.403795
67.324718
68.699945
62.512003
52.37089
40.751415
28.618888
16.404951
4.387214
0.388403
12.274826
24.440469
36.619384
48.450061
59.207241
67.054954
68.389653
62.239238
52.137896
40.539408
28.41412
16.198119
4.171248
0.240681
12.140657
24.311462
36.485213
48.295553
59.007731
66.781518
68.075203
61.961344
51.899755
40.322589
28.204861
15.987031
3.95117
0.092572
12.00601
24.181705
36.34981
48.139066
58.805252
66.504452
67.756692
61.678426
51.65655
40.10103
27.991178
15.771757
3.72706
11.870896
24.051195
36.213161
47.980577
58.599796
66.223795
67.434215
61.390591
51.408364
39.874801
27.773143
15.552373
3.498998
11.735326
23.919926
36.075246
47.820063
58.391354
65.939592
67.107868
61.09795
51.155285
39.643978
27.55083
15.328958
3.267069
11.599309
23.787892
35.936048
47.657501
58.179921
65.651888
66.777748
60.800612
50.897403
39.408642
27.324317
15.101592
3.031359
11.46285
23.655085
35.795547
47.492869
57.965491
65.360729
66.443951
60.498693
50.634812
39.168874
27.093684
14.870359
2.791957
11.325957
23.521496
35.653725
47.326144
57.748062
65.066163
66.106574
60.192308
50.367611
38.924761
26.859015
14.635345
2.548954
11.188633
23.387115
35.51056
47.157304
57.527633
64.768242
65.765714
59.881573
50.095898
38.67639
26.620397
14.396638
2.302444
11.050881
23.251932
35.366033
46.986328
57.304204
64.467016
65.421468
59.566607
49.819777
38.423855
26.377918
14.154331
2.052523
10.912701
23.115933
35.220121
46.813196
57.077778
64.162539
65.073935
59.24753
49.539354
38.167249
26.131669
13.908517
1.799289
10.774093
22.979106
35.072805
46.637889
56.848361
63.854867
64.723212
58.924462
49.254737
37.906669
25.881746
13.659291
1.542842
10.635056
22.841437
34.924062
46.460387
56.615958
63.544056
64.369398
58.597527
48.966037
37.642217
25.628246
13.406754
1.283286
10.495586
22.702911
34.773871
46.280672
56.380579
63.230165
64.012591
58.266847
48.673366
37.373994
25.371267
13.151004
1.020724
10.355679
22.563512
34.62221
46.098729
56.142237
62.913255
63.65289
57.932546
48.376841
37.102107
25.110911
12.892145
0.755263
10.21533
22.423224
34.469058
45.91454
55.900943
62.593388
63.290394
57.594749
48.076577
36.826662
24.847283
12.630282
0.487011
10.074532
22.28203
34.314395
45.728094
55.656714
62.270627
62.925204
57.253582
47.772695
36.547769
24.580489
12.365523
0.21608
9.933277
22.139912
34.158197
45.539375
55.409569
61.945039
62.557419
56.909172
47.465316
36.26554
24.310636
12.097976
9.791556
21.996854
34.000446
45.348373
55.159528
61.616689
62.187139
56.561644
47.154562
35.980091
24.037837
11.827752
9.649359
21.852836
33.841121
45.155079
54.906614
61.285648
61.814465
56.211128
46.840557
35.691535
23.762202
11.554964
9.506676
21.70784
33.680203
44.959483
54.650854
60.951985
61.439498
55.857751
46.523428
35.399993
23.483847
11.279726
9.363496
21.561847
33.517671
44.76158
54.392274
60.615772
61.062341
55.501641
46.203302
35.105583
23.202888
11.002156
9.219805
21.414839
33.353509
44.561364
54.130905
60.277082
60.683094
55.142927
45.880307
34.808426
22.919442
10.72237
9.07559
21.266795
33.187697
44.358833
53.86678
59.935992
60.30186
54.781738
45.554573
34.508648
22.63363
10.44049
8.930838
21.117698
33.020221
44.153985
53.599936
59.592578
59.918741
54.418205
45.226232
34.206371
22.345572
10.156635
8.785535
20.967528
32.851063
43.946821
53.330409
59.246917
59.533842
54.052456
44.895414
33.901722
22.055391
9.870928
8.639664
20.816267
32.68021
43.737345
53.058239
58.899089
59.147265
53.684621
44.562254
33.59483
21.763212
9.583493
8.493211
20.663896
32.507647
43.525561
52.783471
58.549177
58.759115
53.314831
44.226884
33.285821
21.469159
9.294456
8.346161
20.510397
32.333363
43.311476
52.50615
58.197261
58.369496
52.943216
43.88944
32.974828
21.17336
9.003942
8.198495
20.355751
32.157346
43.0951
52.226322
57.843426
57.978514
52.569906
43.550056
32.66198
20.875942
8.71208
8.0502
20.199943
31.979587
42.876444
51.944039
57.487757
57.586272
52.195031
43.20887
32.34741
20.577036
8.418998
7.901256
20.042954
31.800077
42.655523
51.659353
57.130342
57.192878
51.818724
42.866016
32.031251
20.27677
8.124826
7.751649
19.884769
31.618809
42.432351
51.37232
56.771268
56.798438
51.441113
42.521634
31.713638
19.975277
7.829695
7.60136
19.725373
31.435778
42.206949
51.082996
56.410624
56.403059
51.062329
42.175859
31.394704
19.672689
7.533737
7.450374
19.56475
31.250981
41.979336
50.791442
56.048502
56.006847
50.682504
41.82883
31.074587
19.369137
7.237083
7.298673
19.402887
31.064414
41.749536
50.49772
55.684992
55.60991
50.301768
41.480686
30.753422
19.064758
6.939868
7.146242
19.239771
30.87608
41.517575
50.201895
55.320189
55.212358
49.920252
41.131565
30.431345
18.759684
6.642225
6.993063
19.075391
30.685977
41.283481
49.904033
54.954186
54.814297
49.538086
40.781607
30.108496
18.454051
6.344289
6.839121
18.909734
30.494111
41.047284
49.604203
54.587079
54.415838
49.155401
40.430949
29.785011
18.147994
6.046194
6.6844
18.742793
30.300487
40.809017
49.302476
54.218965
54.01709
48.772328
40.079732
29.461029
17.841651
5.748078
6.528885
18.574557
30.105111
40.568717
48.998926
53.849942
53.618163
48.388998
39.728095
29.136689
17.535158
5.450075
6.372562
18.405021
29.907994
40.326421
48.693629
53.480108
53.219167
48.00554
39.376177
28.81213
17.228651
5.152323
6.215417
18.234178
29.709146
40.08217
48.386662
53.109563
52.820214
47.622085
39.024118
28.487491
16.922268
4.854958
6.057436
18.062024
29.508581
39.836007
48.078104
52.738408
52.421414
47.238764
38.672057
28.162912
16.616148
4.558117
5.898608
17.888557
29.306316
39.587977
47.768038
52.366746
52.022879
46.855707
38.320135
27.838532
16.310426
4.261937
5.73892
17.713774
29.102366
39.338129
47.456547
51.99468
51.624721
46.473043
37.968489
27.514491
16.005243
3.966555
5.578361
17.537676
28.896754
39.086514
47.143716
51.622312
51.227054
46.090904
37.617259
27.190928
15.700734
3.672108
5.416923
17.360265
28.689501
38.833184
46.829633
51.249749
50.829989
45.709418
37.266585
26.867984
15.397039
3.378735
5.254596
17.181544
28.480631
38.578194
46.514388
50.877096
50.433641
45.328715
36.916605
26.545797
15.094295
3.08657
5.091372
17.001519
28.270172
38.321604
46.19807
50.504459
50.038122
44.948926
36.567457
26.224507
14.79264
2.795752
4.927246
16.820198
28.058153
38.063473
45.880774
50.131947
49.643547
44.570178
36.21928
25.904252
14.492211
2.506417
4.762212
16.637588
27.844605
37.803864
45.562593
49.759667
49.25003
44.192602
35.872212
25.585173
14.193145
2.2187
4.596266
16.453701
27.629563
37.542842
45.243623
49.387729
48.857686
43.816326
35.526389
25.267406
13.895579
1.932738
4.429405
16.268551
27.413062
37.280475
44.923963
49.016243
48.466629
43.441479
35.18195
24.95109
13.599649
1.648664
4.26163
16.082152
27.195141
37.016833
44.603712
48.645319
48.076975
43.068189
34.839031
24.636363
13.305491
1.366615
4.092939
15.89452
26.975843
36.751987
44.282969
48.275068
47.688839
42.696585
34.497768
24.323361
13.013241
1.086723
3.923335
15.705675
26.755209
36.486012
43.961838
47.905603
47.302337
42.326793
34.158297
24.012221
12.723032
0.809122
3.752822
15.515639
26.533286
36.218985
43.640423
47.537036
46.917585
41.958943
33.820752
23.703078
12.434998
0.533943
3.581404
15.324434
26.310122
35.950984
43.318827
47.16948
46.534699
41.59316
33.485268
23.396069
12.149273
0.261318
3.409089
15.132086
26.085768
35.68209
42.997158
46.80305
46.153795
41.229571
33.15198
23.091326
11.865988
3.235886
14.938623
25.860278
35.412387
42.675522
46.437859
45.774989
40.868304
32.821019
22.788984
11.585274
3.061805
14.744074
25.633706
35.141959
42.354029
46.074021
45.398398
40.509483
32.492519
22.489175
11.307263
2.886858
14.548472
25.40611
34.870893
42.032788
45.711654
45.024138
40.153234
32.166611
22.19203
11.032082
2.711059
14.351851
25.17755
34.599279
41.71191
45.350871
44.652326
39.799682
31.843426
21.897681
10.759859
2.534426
14.154248
24.94809
34.327207
41.391508
44.99179
44.283078
39.448952
31.523093
21.606256
10.490722
2.356975
13.955702
24.717794
34.05477
41.071694
44.634527
43.91651
39.101168
31.205741
21.317885
10.224795
2.178728
13.756254
24.486729
33.782062
40.752583
44.279198
43.55274
38.756451
30.891499
21.032694
9.962201
1.999707
13.555948
24.254964
33.509181
40.434288
43.92592
43.191883
38.414926
30.580493
20.750809
9.703064
1.819936
13.354829
24.022571
33.236224
40.116926
43.574811
42.834056
38.076715
30.272849
20.472355
9.447504
1.639442
13.152946
23.789624
32.96329
39.800613
43.225988
42.479374
37.741937
29.968691
20.197455
9.19564
1.458253
12.95035
23.556199
32.690481
39.485466
42.879568
42.127954
37.410714
29.668144
19.926231
8.94759
1.276401
12.747094
23.322374
32.4179
39.171603
42.53567
41.77991
37.083165
29.371329
19.658802
8.703468
1.093919
12.543232
23.088229
32.145651
38.859143
42.194412
41.435358
36.75941
29.078368
19.395288
8.463388
0.910841
12.338822
22.853847
31.87384
38.548204
41.855909
41.094412
36.439565
28.789379
19.135805
8.227462
0.727206
12.133924
22.619312
31.602573
38.238906
41.520282
40.757187
36.123748
28.504482
18.880468
7.995799
0.543053
11.9286
22.384709
31.33196
37.931369
41.187646
40.423796
35.812074
28.223792
18.629391
7.768507
0.358425
11.722914
22.150128
31.062109
37.625713
40.85812
40.094353
35.504659
27.947425
18.382684
7.54569
0.173366
11.516934
21.915659
30.793132
37.322059
40.531821
39.768971
35.201616
27.675495
18.140458
7.327451
11.310726
21.681392
30.52514
37.020527
40.208866
39.447762
34.903057
27.408112
17.902818
7.113892
11.104363
21.447422
30.258245
36.721239
39.889371
39.130837
34.609094
27.145389
17.669872
6.905108
10.897917
21.213845
29.992563
36.424317
39.573454
38.818307
34.319837
26.887431
17.44172
6.701196
10.691465
20.980757
29.728207
36.12988
39.261229
38.510282
34.035394
26.634347
17.218465
6.502248
10.485082
20.748256
29.465292
35.838051
38.952813
38.206871
33.755873
26.386241
17.000204
6.308355
10.278848
20.516443
29.203936
35.548952
38.64832
37.908182
33.48138
26.143215
16.787033
6.119602
10.072845
20.28542
28.944255
35.262702
38.347865
37.614322
33.212018
25.90537
16.579046
5.936074
9.867155
20.055289
28.686366
34.979424
38.051562
37.325397
32.947891
25.672805
16.376334
5.757853
9.661865
19.826155
28.430387
34.699237
37.759523
37.041512
32.689099
25.445614
16.178985
5.585016
9.45706
19.598123
28.176438
34.422263
37.471862
36.762772
32.435742
25.223893
15.987083
5.417638
9.252831
19.3713
27.924636
34.148622
37.188689
36.489278
32.187917
25.007734
15.800713
5.255791
9.049267
19.145793
27.675101
33.878432
36.910115
36.221133
31.94572
24.797224
15.619954
5.099544
8.84646
18.921712
27.427952
33.611814
36.636249
35.958435
31.709244
24.592451
15.444883
4.948962
8.644505
18.699167
27.183309
33.348885
36.3672
35.701284
31.478582
24.3935
15.275573
4.804107
8.443498
18.478268
26.941291
33.089764
36.103076
35.449777
31.253823
24.200452
15.112096
4.665036
8.243535
18.259127
26.702017
32.834567
35.843983
35.204008
31.035054
24.013386
14.95452
4.531806
8.044714
18.041855
26.465608
32.583411
35.590026
34.964072
30.822361
23.832378
14.802909
4.404466
7.847136
17.826567
26.232182
32.336412
35.341309
34.730061
30.615828
23.657501
14.657325
4.283065
7.650902
17.613374
26.001857
32.093684
35.097933
34.502065
30.415534
23.488828
14.517826
4.167648
7.456113
17.402392
25.774754
31.855339
34.860001
34.280173
30.22156
23.326424
14.384466
4.058253
7.262875
17.193734
25.550989
31.621492
34.627611
34.06447
30.033979
23.170356
14.257297
3.954918
7.07129
16.987515
25.330681
31.392252
34.400861
33.855043
29.852867
23.020684
14.136367
3.857676
6.881465
16.78385
25.113945
31.16773
34.179848
33.651972
29.678294
22.877468
14.021721
3.766555
6.693507
16.582853
24.9009
30.948034
33.964665
33.455339
29.510328
22.740763
13.913399
3.681581
6.507521
16.38464
24.691659
30.733271
33.755406
33.265222
29.349035
22.610622
13.811439
3.602775
6.323617
16.189324
24.486338
30.523548
33.55216
33.081696
29.194478
22.487093
13.715875
3.530153
6.141903
15.997021
24.285049
30.318967
33.355018
32.904836
29.046717
22.370224
13.626736
3.463731
5.962489
15.807845
24.087907
30.119632
33.164066
32.734711
28.905809
22.260056
13.54405
3.403516
5.785482
15.62191
23.895021
29.925642
32.979387
32.571392
28.771808
22.156628
13.467839
3.349516
5.610995
15.439329
23.706502
29.737098
32.801066
32.414945
28.644767
22.059977
13.398122
3.301731
5.439136
15.260215
23.522459
29.554096
32.629182
32.265432
28.524732
21.970134
13.334915
3.260159
5.270017
15.08468
23.343
29.376731
32.463813
32.122916
28.411751
21.88713
13.278229
3.224794
5.103747
14.912836
23.168229
29.205096
32.305035
31.987454
28.305863
21.810989
13.228071
3.195627
4.940437
14.744793
22.998252
29.039282
32.152921
31.859102
28.207109
21.741733
13.184447
3.172643
4.780196
14.58066
22.83317
28.879377
32.007542
31.737912
28.115525
21.679381
13.147356
3.155824
4.623136
14.420547
22.673085
28.725468
31.868966
31.623936
28.031142
21.623947
13.116795
3.145148
4.469364
14.264559
22.518095
28.57764
31.737259
31.517219
27.953991
21.575443
13.092756
3.140592
4.31899
14.112804
22.368297
28.435973
31.612482
31.417806
27.884097
21.533877
13.075229
3.142124
4.172123
13.965385
22.223787
28.300548
31.494697
31.325738
27.821483
21.499252
13.064199
3.149713
4.028869
13.822406
22.084656
28.17144
31.383962
31.241053
27.766169
21.471568
13.059647
3.163322
3.889336
13.683967
21.950996
28.048724
31.280329
31.163785
27.718169
21.450824
13.061552
3.182911
3.753629
13.55017
21.822894
27.93247
31.183851
31.093968
27.677498
21.437012
13.069887
3.208436
3.621853
13.421111
21.700436
27.822749
31.094577
31.031628
27.644163
21.430121
13.084623
3.239849
3.494111
13.296887
21.583706
27.719625
31.012552
30.976793
27.618171
21.430137
13.105727
3.2771
3.370506
13.177591
21.472785
27.623161
30.937819
30.929484
27.599525
21.437044
13.133163
3.320136
3.251139
13.063316
21.36775
27.533417
30.870417
30.88972
27.588222
21.45082
13.16689
3.368898
3.136108
12.954151
21.268677
27.450451
30.810384
30.857516
27.584259
21.47144
13.206864
3.423327
3.025511
12.850183
21.175638
27.374316
30.757751
30.832887
27.587627
21.498876
13.253039
3.483358
2.919444
12.751497
21.088704
27.305063
30.712549
30.81584
27.598315
21.533096
13.305365
3.548925
2.818001
12.658176
21.00794
27.24274
30.674805
30.806382
27.616308
21.574066
13.363786
3.619957
2.721274
12.5703
20.933412
27.18739
30.644543
30.804515
27.641588
21.621746
13.428248
3.696384
2.629353
12.487946
20.865179
27.139057
30.621782
30.810239
27.674133
21.676095
13.498688
3.778128
2.542325
12.411187
20.8033
27.097777
30.606541
30.823549
27.713918
21.737067
13.575045
3.865112
2.460276
12.340096
20.747829
27.063584
30.598832
30.844439
27.760914
21.804614
13.657251
3.957254
2.383288
12.274742
20.698816
27.036512
30.598666
30.872897
27.815091
21.878684
13.745238
4.054473
2.311441
12.21519
20.656311
27.016587
30.606051
30.908909
27.876412
21.959222
13.838932
4.156682
2.244815
12.161502
20.620356
27.003833
30.620989
30.952459
27.94484
22.046169
13.93826
4.263794
2.183482
12.113737
20.590995
26.998273
30.643482
31.003526
28.020333
22.139465
14.043144
4.375717
2.127516
12.071953
20.568264
26.999923
30.673525
31.062086
28.102846
22.239045
14.153502
4.492361
2.076985
12.036201
20.552197
27.008798
30.711114
31.128113
28.192331
22.344841
14.269252
4.61363
2.031956
12.006531
20.542826
27.024909
30.756238
31.201574
28.288737
22.456783
14.390308
4.739429
1.992491
11.982989
20.540177
27.048262
30.808885
31.282439
28.392011
22.574799
14.516583
4.86966