120.29096
129.870471
141.139335
154.43674
169.616168
185.736067
201.324848
215.221683
227.065245
237.094045
120.156293
129.730212
140.992593
154.287663
169.475746
185.618839
201.240148
215.16916
227.038781
237.086981
120.016621
129.585607
140.842394
154.136461
169.335067
185.503525
201.159299
215.12182
227.018273
237.086335
119.87204
129.43675
140.688832
153.983224
169.194222
185.390218
201.082392
215.079744
227.003782
237.092146
119.722648
129.283739
140.532001
153.828042
169.0533
185.279009
201.009518
215.043009
226.995366
237.104451
119.568543
129.126668
140.371994
153.671004
168.912388
185.169989
200.940766
215.011692
226.99308
237.123284
119.409826
128.965633
140.208901
153.512198
168.771573
185.063249
200.876223
214.985868
226.996979
237.148675
119.246598
128.800733
140.042815
153.351711
168.630942
184.958875
200.815977
214.965609
227.007113
237.180651
119.078961
128.632062
139.873827
153.189627
168.490578
184.856957
200.760112
214.950986
227.023529
237.219236
118.907018
128.459718
139.702024
153.02603
168.350563
184.757581
200.708715
214.942069
227.046274
237.26445
118.730872
128.283796
139.527497
152.861002
168.210979
184.66083
200.661866
214.938924
227.075389
237.316311
118.550629
128.104391
139.350332
152.694623
168.071905
184.566791
200.619649
214.941617
227.110914
237.374831
118.366391
127.9216
139.170615
152.526973
167.933418
184.475544
200.582144
214.950209
227.152887
237.440021
118.178265
127.735517
138.988431
152.358127
167.795595
184.38717
200.549428
214.964764
227.201341
237.511889
117.986354
127.546236
138.803864
152.188162
167.65851
184.301751
200.521581
214.985338
227.256308
237.590439
117.790764
127.353849
138.616996
152.01715
167.522234
184.219363
200.498677
215.011989
227.317815
237.675669
117.5916
127.158449
138.427906
151.845162
167.386839
184.140084
200.480792
215.044772
227.385889
237.767578
117.388966
126.960127
138.236673
151.672267
167.252392
184.063988
200.467997
215.083737
227.460551
237.866159
117.182966
126.758974
138.043373
151.498532
167.118959
183.99115
200.460365
215.128936
227.541822
237.971404
116.973704
126.555077
137.848082
151.32402
166.986606
183.92164
200.457964
215.180415
227.629717
238.083297
116.761282
126.348524
137.650873
151.148795
166.855393
183.855531
200.460864
215.238221
227.72425
238.201825
116.545802
126.1394
137.451815
150.972916
166.72538
183.79289
200.469129
215.302395
227.825431
238.326967
116.327365
125.927792
137.250978
150.796441
166.596625
183.733785
200.482826
215.372978
227.933268
238.458701
116.106072
125.71378
137.048429
150.619423
166.469184
183.67828
200.502016
215.450008
228.047766
238.597
115.882021
125.497446
136.844231
150.441915
166.343109
183.626441
200.526762
215.533521
228.168925
238.741836
115.65531
125.278869
136.638446
150.263968
166.21845
183.578329
200.557123
215.623549
228.296743
238.893177
115.426034
125.058127
136.431135
150.085626
166.095257
183.534004
200.593156
215.720125
228.431217
239.050987
115.194289
124.835294
136.222354
149.906936
165.973574
183.493526
200.634918
215.823274
228.572338
239.215227
114.960168
124.610445
136.012158
149.727938
165.853445
183.45695
200.682463
215.933023
228.720094
239.385856
114.723761
124.383649
135.800599
149.548672
165.734911
183.424333
200.735844
216.049396
228.874473
239.56283
114.485158
124.154977
135.587727
149.369172
165.618011
183.395727
200.795112
216.172411
229.035456
239.746101
114.244447
123.924495
135.373588
149.189471
165.502779
183.371185
200.860315
216.302087
229.203024
239.935617
114.001714
123.692268
135.158227
149.0096
165.38925
183.350757
200.9315
216.438439
229.377153
240.131326
113.757042
123.458358
134.941686
148.829587
165.277453
183.334491
201.008714
216.581479
229.557816
240.33317
249.579292
113.510513
123.222825
134.724004
148.649453
165.167418
183.322434
201.092
216.731217
229.744985
240.54109
249.802242
113.262206
122.985726
134.505216
148.469222
165.059169
183.31463
201.181399
216.887659
229.938626
240.755024
250.030822
113.012199
122.747117
134.285356
148.288911
164.952729
183.311123
201.276951
217.050811
230.138703
240.974906
250.264947
112.760566
122.50705
134.064455
148.108535
164.848119
183.311954
201.378695
217.220672
230.345177
241.200668
250.504529
112.50738
122.265576
133.842541
147.928106
164.745357
183.317164
201.486666
217.397243
230.558008
241.432241
250.749478
112.252712
122.022743
133.619638
147.747632
164.644456
183.32679
201.600899
217.580517
230.777148
241.669549
250.999701
111.996629
121.778595
133.39577
147.567121
164.545429
183.340869
201.721425
217.770489
231.002551
241.912517
251.255104
111.739197
121.533175
133.170955
147.386573
164.448286
183.359435
201.848277
217.967149
231.234164
242.161066
251.515591
111.480479
121.286525
132.945211
147.20599
164.353033
183.382522
201.981481
218.170482
231.471934
242.415115
251.781063
111.220535
121.038681
132.718552
147.025367
164.259675
183.410162
202.121064
218.380474
231.715804
242.674579
252.051419
110.959425
120.789679
132.490988
146.844698
164.168212
183.442383
202.267052
218.597106
231.965711
242.939372
252.326558
110.697203
120.539553
132.262528
146.663973
164.078645
183.479215
202.419466
218.820354
232.221594
243.209406
252.606376
110.433924
120.288332
132.033178
146.483178
163.990967
183.520684
202.578327
219.050195
232.483384
243.484588
252.890767
110.169637
120.036045
131.802941
146.302299
163.905172
183.566815
202.743654
219.286601
232.751013
243.764825
253.179623
109.904393
119.782718
131.571817
146.121316
163.821252
183.617631
202.915463
219.529539
233.024408
244.050022
253.472836
109.638236
119.528373
131.339805
145.940206
163.739192
183.673154
203.093767
219.778976
233.303493
244.340078
253.770294
109.371212
119.273033
131.106899
145.758945
163.658978
183.733404
203.278579
220.034874
233.588189
244.634895
254.071886
109.103361
119.016716
130.873091
145.577503
163.580592
183.798401
203.469909
220.297192
233.878415
244.934369
254.377499
108.834722
118.759439
130.638373
145.39585
163.504013
183.86816
203.667765
220.565886
234.174086
245.238395
254.687017
108.565333
118.501217
130.402732
145.21395
163.429217
183.942697
203.872151
220.840909
234.475114
245.546867
255.000323
108.295229
118.242061
130.166152
145.031766
163.356177
184.022026
204.083071
221.12221
234.781409
245.859675
255.317302
108.024443
117.981983
129.928618
144.849257
163.284865
184.106159
204.300525
221.409734
235.092876
246.176708
255.637833
107.753004
117.720991
129.690108
144.666379
163.215247
184.195107
204.524512
221.703425
235.409421
246.497853
255.961798
107.480943
117.459092
129.450603
144.483085
163.147289
184.288879
204.755026
222.003221
235.730944
246.822997
256.289074
107.208285
117.196291
129.210078
144.299327
163.080952
184.387482
204.992061
222.309058
236.057342
247.152021
256.619541
106.866662
116.866525
128.907948
144.068894
163.000248
184.517538
205.29751
222.699745
236.472036
247.568579
257.036923
106.592751
116.601703
128.665031
143.883891
162.937405
184.627029
205.549178
223.01892
236.809017
247.905901
257.374116
106.318319
116.335984
128.421003
143.698242
162.876038
184.741364
205.807326
223.343901
237.150524
248.246713
257.714097
106.043384
116.069365
128.175833
143.511883
162.816097
184.860544
206.071935
223.67461
237.496441
248.590892
258.056738
105.767966
115.801843
127.929486
143.32475
162.757529
184.984566
206.342984
224.010962
237.846654
248.938313
258.401914
105.492079
115.533415
127.681927
143.136775
162.700275
185.113427
206.620447
224.352872
238.201043
249.288849
258.749498
105.215741
115.264075
127.433119
142.947889
162.644278
185.247124
206.904298
224.700248
238.559488
249.642373
259.099361
104.938964
114.993817
127.183025
142.758017
162.589472
185.385648
207.194505
225.052996
238.921863
249.998754
259.451376
95.709869
104.661763
114.722633
126.931605
142.567085
162.535792
185.528992
207.491035
225.411018
239.288043
250.357862
259.805412
95.428154
104.384148
114.450516
126.678819
142.375014
162.483169
185.677146
207.793849
225.774212
239.657898
250.719566
260.161341
95.146572
104.10613
114.177456
126.424624
142.181723
162.431529
185.830096
208.102906
226.142472
240.031299
251.083733
260.519032
94.865142
103.827721
113.903445
126.168978
141.987131
162.380797
185.98783
208.418163
226.51569
240.408111
251.450229
260.878355
94.583886
103.54893
113.628473
125.911838
141.79115
162.330893
186.150329
208.739569
226.893751
240.788198
251.818919
261.23918
94.302821
103.269765
113.35253
125.65316
141.593695
162.281735
186.317577
209.067074
227.276539
241.171424
252.189666
261.601375
94.021965
102.990236
113.075606
125.3929
141.394674
162.233236
186.489553
209.400622
227.663934
241.557647
252.562334
261.96481
93.741335
102.710351
112.797691
125.131013
141.193996
162.185309
186.666234
209.740151
228.055809
241.946727
252.936786
262.329352
93.460947
102.430117
112.518776
124.867455
140.991567
162.137858
186.847594
210.085599
228.452038
242.338518
253.312882
262.69487
93.180816
102.149543
112.238851
124.60218
140.787293
162.090789
187.033608
210.436896
228.852488
242.732875
253.690484
263.061232
92.900957
101.868637
111.957907
124.335143
140.581074
162.044
187.224245
210.79397
229.257023
243.129651
254.069452
263.428307
92.621385
101.587406
111.675935
124.066301
140.372813
161.99739
187.419472
211.156743
229.665503
243.528696
254.449646
263.795963
92.342112
101.305861
111.392927
123.79561
140.162409
161.950849
187.619256
211.525133
230.077785
243.929858
254.830924
264.164068
92.063154
101.024008
111.108877
123.523027
139.949761
161.904269
187.823557
211.899054
230.493722
244.332985
255.213145
264.53249
91.784524
100.741859
110.82378
123.24851
139.734765
161.857534
188.032337
212.278415
230.913164
244.737922
255.596167
264.901098
91.506235
100.459422
110.537629
122.972018
139.517318
161.810525
188.245551
212.663118
231.335955
245.144514
255.979849
265.26976
91.228302
100.176709
110.250423
122.693512
139.297315
161.763122
188.463153
213.053063
231.761938
245.552603
256.364048
265.638346
90.950739
99.893731
109.962159
122.412953
139.074652
161.715198
188.685094
213.448142
232.190952
245.96203
256.748621
266.006724
90.67356
99.610501
109.672837
122.130306
138.849222
161.666623
188.911321
213.848244
232.622831
246.372636
257.133425
266.374763
90.396781
99.327033
109.38246
121.845537
138.620921
161.617265
189.141777
214.253251
233.057407
246.784261
257.518317
266.742334
90.120416
99.043343
109.09103
121.558614
138.389643
161.566985
189.376403
214.66304
233.494509
247.19674
257.903155
267.109306
89.844484
98.759446
108.798554
121.269507
138.155283
161.515642
189.615134
215.077483
233.933962
247.609913
258.287796
267.47555
89.569
98.475362
108.505041
120.978191
137.917736
161.463091
189.857904
215.496446
234.375587
248.023614
258.672096
267.840935
89.293982
98.191108
108.2105
120.684642
137.6769
161.409184
190.104641
215.919787
234.819204
248.437679
259.055913
268.205335
89.019451
97.906708
107.914946
120.38884
137.432672
161.353766
190.355269
216.347361
235.264627
248.851943
259.439104
268.568621
88.745425
97.622184
107.618395
120.090769
137.184953
161.296682
190.609708
216.779017
235.71167
249.26624
259.821526
268.930664
88.471927
97.337562
107.320866
119.790415
136.933643
161.23777
190.867873
217.214595
236.160142
249.680401
260.203038
269.291338
88.198979
97.052868
107.022382
119.487771
136.678646
161.176867
191.129674
217.653931
236.609852
250.094262
260.583498
269.650517
87.926606
96.768134
106.722967
119.182832
136.41987
161.113803
191.395018
218.096854
237.060602
250.507653
260.962764
270.008075
87.654832
96.483389
106.422653
118.875599
136.157225
161.048407
191.663804
218.543188
237.512195
250.920407
261.340695
270.363887
87.383685
96.198668
106.12147
118.566077
135.890624
160.980504
191.935927
218.99275
237.964431
251.332356
261.717152
270.717829
87.113193
95.914009
105.819456
118.254278
135.619985
160.909913
192.211276
219.445349
238.417107
251.743332
262.091992
271.069776
86.843388
95.62945
105.516651
117.940217
135.34523
160.836454
192.489736
219.900789
238.870017
252.153166
262.465078
271.419607
86.574302
95.345032
105.213099
117.623916
135.066287
160.75994
192.771183
220.358868
239.322955
252.56169
262.83627
271.767199
280.365169
86.305968
95.060802
104.90885
117.305403
134.783089
160.680184
193.055488
220.819376
239.775712
252.968735
263.205431
272.112432
280.69864
86.038423
94.776805
104.603954
116.984713
134.495575
160.596992
193.342517
221.282099
240.228076
253.374134
263.572422
272.455185
281.029304
85.771705
94.493092
104.29847
116.661887
134.20369
160.510172
193.632126
221.746813
240.679836
253.777718
263.937107
272.79534
281.35705
85.505854
94.209716
103.992459
116.336973
133.907389
160.419527
193.924167
222.213291
241.130777
254.179321
264.299351
273.132777
281.681769
85.240912
93.926733
103.685987
116.010025
133.606633
160.324859
194.218483
222.681297
241.580683
254.578775
264.659017
273.467381
282.003356
84.976924
93.644203
103.379125
115.681105
133.301391
160.225968
194.51491
223.15059
242.029339
254.975914
265.015972
273.799034
282.321704
84.713936
93.362187
103.071948
115.350284
132.991642
160.122653
194.813276
223.620922
242.476525
255.370571
265.370082
274.127622
282.636709
84.451996
93.08075
102.764536
115.017638
132.677375
160.01471
195.113402
224.09204
242.922023
255.762581
265.721216
274.453031
282.948267
84.191157
92.799961
102.456974
114.683253
132.358588
159.901939
195.4151
224.563684
243.365613
256.151779
266.069242
274.775149
283.256277
75.451109
83.93147
92.519892
102.149351
114.347223
132.035293
159.784137
195.718172
225.035587
243.807075
256.538002
266.41403
275.093863
283.560638
75.207504
83.672992
92.240616
101.841764
114.009648
131.70751
159.661101
196.022413
225.507478
244.246187
256.921085
266.75545
275.409063
283.861252
74.965424
83.41578
91.962212
101.53431
113.67064
131.375274
159.532633
196.32761
225.979078
244.682728
257.300868
267.093375
275.720641
284.158021
74.724909
83.159895
91.684761
101.227095
113.330317
131.038632
159.398533
196.633538
226.450104
245.116476
257.677189
267.427678
276.028488
284.45085
74.486002
82.905398
91.408346
100.920227
112.988805
130.697646
159.258607
196.939964
226.920268
245.54721
258.049887
267.758233
276.332498
284.739644
74.248749
82.652355
91.133054
100.61382
112.646241
130.352389
159.112662
197.246646
227.389275
245.974706
258.418804
268.084916
276.632567
285.024311
74.013197
82.400832
90.858976
100.307995
112.30277
130.002952
158.960513
197.553332
227.856825
246.398744
258.783782
268.407603
276.92859
285.304759
73.779393
82.150899
90.586204
100.002873
111.958543
129.649441
158.801977
197.859757
228.322615
246.819102
259.144663
268.726175
277.220465
285.5809
73.547391
81.902627
90.314835
99.698583
111.613723
129.291976
158.63688
198.165651
228.786334
247.235559
259.501293
269.040509
277.508092
285.852646
73.317241
81.656089
90.044968
99.395258
111.268481
128.930696
158.465055
198.470729
229.24767
247.647894
259.853517
269.350487
277.791371
286.119912
73.088999
81.411361
89.776704
99.093034
110.922994
128.565753
158.286344
198.774698
229.706304
248.055887
260.201184
269.655992
278.070206
286.382613
72.862722
81.168522
89.510147
98.792054
110.577451
128.197321
158.100599
199.077255
230.161915
248.459319
260.544141
269.956908
278.344499
286.640667
72.638468
80.92765
89.245405
98.492462
110.232045
127.825587
157.907683
199.378084
230.614176
248.857973
260.882239
270.25312
278.614157
286.893994
72.416298
80.688829
88.982588
98.194408
109.886982
127.45076
157.707475
199.676861
231.06276
249.251631
261.215332
270.544517
278.879088
287.142515
72.196273
80.45214
88.721807
97.898046
109.542471
127.073064
157.499864
199.97325
231.507334
249.640077
261.543271
270.830987
279.139199
287.386155
71.978457
80.217672
88.463177
97.603532
109.198731
126.692741
157.284758
200.266904
231.947562
250.023099
261.865913
271.11242
279.394402
287.624839
71.762916
79.985509
88.206813
97.311026
108.855988
126.310054
157.062083
200.557467
232.383108
250.400482
262.183116
271.38871
279.644611
287.858495
71.549718
79.755743
87.952836
97.020692
108.514475
125.925282
156.831782
200.844574
232.813631
250.772016
262.494738
271.65975
279.889738
288.087052
71.338931
79.528462
87.701364
96.732695
108.174429
125.538721
156.593822
201.127846
233.23879
251.137492
262.80064
271.925437
280.129702
288.310443
71.130625
79.303761
87.452521
96.447206
107.836097
125.150688
156.34819
201.406898
233.658242
251.496702
263.100687
272.185669
280.36442
288.5286
70.924872
79.081731
87.20643
96.164396
107.499728
124.761513
156.094899
201.681335
234.071643
251.849442
263.394742
272.440345
280.593814
288.741461
70.721746
78.862469
86.963216
95.884437
107.165579
124.371547
155.833988
201.950753
234.478648
252.195508
263.682674
272.689368
280.817804
288.948964
70.521321
78.64607
86.723006
95.607506
106.833909
123.981155
155.565525
202.214738
234.878912
252.5347
263.964352
272.932642
281.036317
289.151049
70.323674
78.432631
86.485927
95.33378
106.504984
123.590718
155.289607
202.472871
235.27209
252.866819
264.239648
273.170073
281.249278
289.34766
70.12888
78.222251
86.252108
95.063436
106.17907
123.200632
155.006363
202.724725
235.657836
253.191671
264.508437
273.40157
281.456618
289.538741
69.937018
78.015028
86.021677
94.796655
105.856439
122.811308
154.715953
202.969867
236.035809
253.509062
264.770595
273.627042
281.658266
289.72424
69.748168
77.811063
85.794764
94.533615
105.537365
122.423169
154.418574
203.207857
236.405664
253.818803
265.026001
273.846404
281.854157
289.904108
69.562409
77.610454
85.5715
94.274497
105.222122
122.036651
154.114459
203.438253
236.767062
254.120708
265.274539
274.059571
282.044227
290.078297
69.379822
77.413304
85.352014
94.019482
104.910987
121.652199
153.803876
203.66061
237.119665
254.414593
265.516091
274.266459
282.228413
290.246761
69.200489
77.219713
85.136436
93.76875
104.604237
121.27027
153.487134
203.874479
237.463136
254.700278
265.750545
274.466991
282.406657
290.409458
69.024491
77.029782
84.924896
93.522478
104.302148
120.891327
153.164578
204.079412
237.797144
254.977586
265.977793
274.661087
282.578902
290.566348
68.851913
76.843613
84.717524
93.280847
104.004996
120.515843
152.836595
204.274962
238.121361
255.246345
266.197727
274.848675
282.745093
290.717394
68.682836
76.661306
84.514448
93.044033
103.713056
120.144293
152.503611
204.460682
238.435462
255.506387
266.410243
275.029682
282.905179
290.862561
68.517344
76.482963
84.315796
92.81221
103.426601
119.777159
152.166091
204.636134
238.739127
255.757546
266.615241
275.204038
283.05911
291.001816
68.35552
76.308684
84.121694
92.585554
103.145901
119.414923
151.824542
204.800881
239.032043
255.999661
266.812623
275.371679
283.206841
291.135129
68.197449
76.138569
83.932268
92.364235
102.871223
119.05807
151.479508
204.954497
239.313902
256.232578
267.002296
275.53254
283.348328
291.262475
68.043214
75.972717
83.747643
92.148422
102.60283
118.707083
151.131572
205.096566
239.584402
256.456143
267.18417
275.686561
283.48353
291.383829
67.892899
75.811228
83.56794
91.938282
102.340981
118.362443
150.781353
205.226683
239.843248
256.670212
267.358156
275.833685
283.612409
291.499169
67.746587
75.654198
83.39328
91.733976
102.085929
118.024627
150.429506
205.344459
240.090153
256.874641
267.524173
275.973858
283.73493
291.608477
67.60436
75.501724
83.223782
91.535664
101.837924
117.694108
150.076718
205.449521
240.324839
257.069294
267.682141
276.107029
283.851062
291.711737
67.466302
75.353902
83.059563
91.343503
101.597206
117.37135
149.723708
205.541517
240.547037
257.254041
267.831983
276.233151
283.960774
291.808935
67.332495
75.210826
82.900735
91.157644
101.364013
117.056811
149.371221
205.620114
240.756486
257.428755
267.97363
276.352178
284.064041
291.900061
67.203019
75.072588
82.747412
90.978235
101.138573
116.750937
149.020028
205.685008
240.952936
257.593318
268.107013
276.464071
284.16084
291.985109
67.077955
74.93928
82.599702
90.80542
100.921108
116.454164
148.670919
205.73592
241.136149
257.747615
268.23207
276.568791
284.25115
292.064073
66.957383
74.81099
82.457711
90.639339
100.711832
116.166916
148.324704
205.772601
241.305898
257.89154
268.348741
276.666306
284.334956
292.136952
66.841381
74.687806
82.321543
90.480124
100.51095
115.889602
147.982205
205.794836
241.461967
258.024992
268.456974
276.756584
284.412244
292.203746
66.730027
74.569814
82.191298
90.327907
100.31866
115.622617
147.644253
205.802444
241.604157
258.147877
268.556717
276.8396
284.483003
292.26446
66.623397
74.457096
82.067072
90.18281
100.135151
115.366341
147.311683
205.795284
241.732279
258.260108
268.647927
276.915331
284.547226
292.319102
66.521566
74.349736
81.94896
90.044954
99.960602
115.121136
146.985332
205.773256
241.846159
258.361606
268.730564
276.983759
284.604909
292.367679
66.424608
74.24781
81.837051
89.914451
99.795183
114.887348
146.666031
205.736299
241.945642
258.452299
268.804593
277.044867
284.656052
292.410206
66.332595
74.151397
81.731432
89.791411
99.639057
114.665303
146.354604
205.684403
242.030584
258.532124
268.869985
277.098647
284.700658
292.446698
66.245598
74.06057
81.632187
89.675935
99.492374
114.455308
146.051858
205.6176
242.100863
258.601023
268.926715
277.14509
284.738733
292.477173
66.163684
73.975401
81.539394
89.568122
99.355276
114.257653
145.758585
205.535975
242.156371
258.65895
268.974764
277.184195
284.770286
292.501653
66.086922
73.895959
81.45313
89.468062
99.227896
114.072607
145.475554
205.439662
242.197021
258.705865
269.014119
277.215962
284.795332
292.520162
66.015377
73.822311
81.373465
89.37584
99.110355
113.900416
145.203507
205.328845
242.222743
258.741739
269.044771
277.240397
284.813885
292.532727
65.949111
73.75452
81.300468
89.291537
99.002767
113.74131
144.943157
205.203764
242.233488
258.766551
269.06672
277.257511
284.825967
292.539377
65.888187
73.692647
81.234202
89.215226
98.905234
113.595497
144.695181
205.06471
242.229229
258.780288
269.079968
277.267318
284.831599
292.540146
65.832663
73.636749
81.174727
89.146974
98.817848
113.463161
144.460222
204.912026
242.209959
258.78295
269.084526
277.269836
284.83081
292.535068
65.782597
73.586882
81.122099
89.086845
98.740692
113.344472
144.238881
204.746109
242.175693
258.774543
269.080409
277.265088
284.823629
292.524182
65.738044
73.543098
81.076369
89.034893
98.673841
113.239572
144.031716
204.567407
242.126469
258.755086
269.06764
277.253102
284.810089
292.507529
65.699055
73.505445
81.037585
88.99117
98.617357
113.14859
143.839241
204.37642
242.062347
258.724608
269.046246
277.233909
284.790229
292.485152
65.665683
73.473969
81.00579
88.955719
98.571295
113.071629
143.661924
204.173693
241.983414
258.683147
269.016261
277.207546
284.764087
292.457098
65.637974
73.448712
80.981023
88.928579
98.535699
113.008776
143.500184
203.95982
241.889778
258.630753
268.977727
277.174054
284.731708
292.423414
65.615974
73.429715
80.963319
88.909783
98.510605
112.960096
143.354393
203.735437
241.781572
258.567485
268.930691
277.133477
284.693138
292.384153
65.599726
73.417013
80.952709
88.899358
98.49604
112.925638
143.224871
203.50122
241.658955
258.493416
268.875207
277.085866
284.648429
292.339367
65.58927
73.41064
80.949221
88.897325
98.49202
112.905429
143.111891
203.257881
241.52211
258.408628
268.811334
277.031273
284.597633
292.289114
65.584646
73.410624
80.952876
88.9037
98.498556
112.899481
143.015674
203.006166
241.371246
258.313214
268.739139
276.969759
284.540807
292.23345
65.585887
73.416994
80.963693
88.918493
98.515647
112.907786
142.936393
202.746846
241.206596
258.20728
268.658696
276.901384
284.478011
292.172438
65.593027
73.429772
80.981688
88.94171
98.543286
112.930321
142.874171
202.480717
241.028417
258.090941
268.570084
276.826218
284.409308
292.10614
65.606097
73.448978
81.006869
88.973351
98.581456
112.967045
142.829086
202.208594
240.836995
257.964326
268.473389
276.74433
284.334765
292.03462
65.625122
73.474629
81.039245
89.013409
98.630134
113.017902
142.801168
201.931302
240.632635
257.827573
268.368704
276.655797
284.254449
291.957947
65.650128
73.506739
81.078817
89.061874
98.689287
113.082819
142.790403
201.649678
240.41567
257.680833
268.256128
276.560698
284.168433
291.876189
65.681137
73.545318
81.125585
89.11873
98.758878
113.161711
142.796733
201.364557
240.186453
257.524267
268.135766
276.459118
284.076791
291.789417
65.718169
73.590373
81.179543
89.183958
98.83886
113.254476
142.82006
201.076776
239.945362
257.358046
268.00773
276.351144
283.979601
291.697704
65.761239
73.641909
81.240683
89.257531
98.929179
113.361
142.860245
200.787161
239.692795
257.182355
267.872137
276.236867
283.876943
291.601124
65.810362
73.699926
81.308992
89.33942
99.029777
113.481155
142.917112
200.496527
239.429171
256.997388
267.729112
276.116385
283.768899
291.499753
65.865548
73.764422
81.384453
89.42959
99.140586
113.614802
142.990453
200.205673
239.154929
256.803348
267.578783
275.989795
283.655554
291.393669
65.926805
73.835391
81.467047
89.528002
99.261533
113.761789
143.080022
199.915374
238.870526
256.600449
267.421286
275.857201
283.536996
291.282951
65.99414
73.912825
81.556751
89.634613
99.39254
113.921952
143.185547
199.62638
238.576434
256.388917
267.256763
275.718709
283.413313
291.16768
66.067555
73.996712
81.653536
89.749376
99.533521
114.095118
143.306724
199.339413
238.273142
256.168984
267.085358
275.574429
283.284597
291.047936
66.147049
74.087037
81.757375
89.872237
99.684387
114.281102
143.443225
199.05516
237.961153
255.940894
266.907224
275.424473
283.150942
290.923803
66.23262
74.183783
81.868231
90.003143
99.845041
114.479709
143.594698
198.774276
237.64098
255.704896
266.722516
275.268958
283.012443
290.795364
66.324263
74.28693
81.986069
90.142034
100.015382
114.690738
143.760768
198.497375
237.313148
255.461249
266.531397
275.108002
282.869196
290.662703
66.421968
74.396452
82.110849
90.288845
100.195303
114.913974
143.941042
198.225031
236.978189
255.210221
266.33403
274.941726
282.721301
290.525906
66.525726
74.512325
82.242527
90.443511
100.384693
115.149199
144.135109
197.957779
236.636641
254.952085
266.130587
274.770254
282.568857
290.385058
66.635521
74.634519
82.381056
90.60596
100.583437
115.396183
144.342542
197.69611
236.289049
254.68712
265.92124
274.593712
282.411966
290.240247
66.751339
74.763
82.526388
90.776119
100.791413
115.654691
144.562904
197.440472
235.935957
254.415611
265.706166
274.412229
282.25073
290.091558
66.873159
74.897736
82.67847
90.95391
101.008496
115.924481
144.795741
197.191269
235.577912
254.137849
265.485546
274.225934
282.085252
289.939079
67.000961
75.038688
82.837246
91.139253
101.234557
116.205303
145.040595
196.948863
235.215458
253.854129
265.259563
274.03496
281.915637
289.782898
67.134719
75.185815
83.00266
91.332064
101.469463
116.496902
145.296997
196.713571
234.849136
253.564749
265.028402
273.839439
281.74199
289.623101
67.274406
75.339075
83.17465
91.532256
101.713077
116.799016
145.564472
196.485671
234.479483
253.27001
264.792253
273.639506
281.564415
289.459777
67.419994
75.498423
83.353152
91.73974
101.965257
117.11138
145.842543
196.265396
234.107027
252.970216
264.551305
273.435298
281.38302
289.293011
67.571451
75.66381
83.538102
91.954423
102.225859
117.433722
146.130728
196.052942
233.732288
252.665671
264.30575
273.22695
281.19791
289.122892
67.72874
75.835186
83.72943
92.176209
102.494734
117.765766
146.428543
195.848467
233.355775
252.356682
264.055781
273.0146
281.009192
288.949506
67.891826
76.012497
83.927065
92.405
102.771732
118.107232
146.735505
195.652089
232.977986
252.043553
263.801591
272.798386
280.816972
288.772938
68.06067
76.195689
84.130935
92.640696
103.056696
118.457836
147.051131
195.463895
232.599403
251.726589
263.543374
272.578446
280.621355
288.593275
68.235228
76.384705
84.340962
92.883193
103.34947
118.817291
147.374942
195.283936
232.220496
251.406095
263.281325
272.354917
280.422448
288.410601
68.415457
76.579483
84.55707
93.132386
103.649893
119.185304
147.70646
195.112234
231.841716
251.08237
263.015639
272.127937
280.220357
288.224999
68.60131
76.779962
84.779179
93.388166
103.9578
119.561583
148.045212
194.94878
231.463499
250.755712
262.746508
271.897644
280.015184
288.036553
68.792737
76.986077
85.007205
93.650423
104.273025
119.945832
148.390731
194.793541
231.08626
250.426417
262.474124
271.664174
279.807036
287.845345
68.989689
77.197762
85.241064
93.919045
104.5954
120.337751
148.742554
194.646456
230.710398
250.094775
262.19868
271.427664
279.596013
287.651456
69.19211
77.414948
85.480671
94.193915
104.924751
120.73704
149.100226
194.507442
230.33629
249.76107
261.920365
271.188247
279.382219
287.454966
69.399945
77.637565
85.725936
94.474918
105.260905
121.143396
149.463299
194.376396
229.964294
249.425583
261.639365
270.946058
279.165755
287.255952
69.613136
77.865539
85.976768
94.761934
105.603685
121.556517
149.831333
194.253195
229.594744
249.088586
261.355868
270.701228
278.946719
287.054492
69.831623
78.098796
86.233076
95.054843
105.952913
121.976097
150.203898
194.1377
229.227958
248.750348
261.070054
270.453888
278.72521
286.850662
70.055344
78.33726
86.494766
95.353521
106.308406
122.401832
150.580569
194.029755
228.864228
248.411127
260.782104
270.204168
278.501324
286.644535
70.284233
78.580852
86.761741
95.657843
106.669983
122.833414
150.960935
193.929192
228.503827
248.071176
260.492195
269.952193
278.275157
286.436184
70.518225
78.829491
87.033904
95.967682
107.037458
123.270539
151.344591
193.835831
228.147006
247.73074
260.200499
269.698088
278.046803
286.22568
70.757251
79.083095
87.311155
96.282911
107.410644
123.7129
151.731145
193.74948
227.793995
247.390053
259.907186
269.441976
277.816351
286.013092
71.001241
79.341582
87.593394
96.603398
107.789353
124.160192
152.120213
193.66994
227.445002
247.049344
259.61242
269.183976
277.583893
285.798488
71.250122
79.604864
87.880517
96.929013
108.173393
124.612109
152.511423
193.597004
227.100218
246.708831
259.316364
268.924207
277.349515
285.581932
71.503819
79.872855
88.17242
97.259621
108.562574
125.068347
152.904413
193.530457
226.759809
246.368721
259.019174
268.662782
277.113303
285.363488
71.762257
80.145466
88.468999
97.595088
108.956701
125.528604
153.298831
193.470082
226.423924
246.029215
258.721003
268.399814
276.875341
285.143219
72.025358
80.422607
88.770144
97.935276
109.35558
125.992578
153.694337
193.415655
226.092693
245.690502
258.421996
268.135411
276.63571
284.921184
72.293041
80.704185
89.075749
98.280048
109.759014
126.45997
154.090603
193.366951
225.766226
245.352762
258.122299
267.869679
276.394488
284.69744
72.565226
80.990108
89.385702
98.629265
110.166807
126.930481
154.487309
193.323741
225.444618
245.016166
257.822047
267.602722
276.151753
284.472043
72.841828
81.280279
89.699893
98.982785
110.578759
127.403817
154.884148
193.285798
225.127944
244.680873
257.521373
267.334638
275.907578
284.245048
73.122762
81.574603
90.018208
99.340466
110.994671
127.879683
155.280823
193.252891
224.816264
244.347034
257.220404
267.065525
275.662035
284.016505
81.872983
90.340534
99.702165
111.414344
128.357789
155.677047
193.224791
224.509621
244.014789
256.919263
266.795475
275.415195
283.786465
82.175318
90.666755
100.067737
111.837575
128.837849
156.072546
193.20127
224.208047
243.68427
256.618065
266.524578
275.167123
283.554974
82.481508
90.996755
100.437036
112.264164
129.319576
156.467054
193.182101
223.911554
243.355596
256.316923
266.25292
274.917884
283.322078
82.791452
91.330416
100.809916
112.693907
129.802691
156.860316
193.167058
223.620146
243.028879
256.015941
265.980585
274.66754
283.087822
83.105047
91.667619
101.186227
113.126602
130.286914
157.252088
193.155919
223.333812
242.704222
255.715219
265.707651
274.416151
282.852245
83.422188
92.008244
101.565821
113.562047
130.771974
157.642135
193.148464
223.052529
242.381716
255.414853
265.434195
274.163773
282.615387
83.74277
92.35217
101.948548
114.000036
131.257599
158.030233
193.144475
222.776266
242.061447
255.114932
265.16029
273.910462
282.377286
84.066687
92.699275
102.334257
114.440368
131.743523
158.416165
193.143739
222.504977
241.743487
254.81554
264.886003
273.656269
282.137977
84.39383
93.049436
102.722795
114.882839
132.229485
158.799727
193.146045
222.238611
241.427904
254.516756
264.611402
273.401244
281.897493
84.724092
93.402529
103.11401
115.327244
132.715228
159.180721
193.151189
221.977105
241.114756
254.218653
264.336548
273.145434
281.655865
85.057361
93.758429
103.507748
115.773382
133.200499
159.55896
193.158966
221.720392
240.804091
253.9213
264.0615
272.888883
281.413123
85.393528
94.117009
103.903854
116.221049
133.68505
159.934264
193.169179
221.468393
240.495953
253.624759
263.786315
272.631635
281.169294
85.732481
94.478143
104.302175
116.670043
134.168637
160.306462
193.181634
221.221026
240.190375
253.32909
263.511043
272.373728
280.924405
86.074106
94.841704
104.702554
117.120162
134.651024
160.675392
193.196142
220.978201
239.887385
253.034344
263.235735
272.115202
280.678478
86.41829
95.207562
105.104834
117.571206
135.131976
161.040899
193.212516
220.739823
239.587004
252.740572
262.960436
271.856092
86.764919
95.575589
105.50886
118.022973
135.611266
161.402835
193.230578
220.505794
239.289245
252.447817
262.685189
271.59643
87.113876
95.945654
105.914474
118.475265
136.088671
161.761062
193.250149
220.276008
238.994115
252.156119
262.410035
271.33625
87.465045
96.317627
106.321519
118.927884
136.563973
162.115446
193.271059
220.050359
238.701617
251.865512
262.135009
271.075578
87.81831
96.691376
106.729836
119.380633
137.036961
162.465861
193.293141
219.828735
238.411745
251.576029
261.860147
270.814444
88.173552
97.066769
107.139268
119.833315
137.507428
162.81219
193.316232
219.611022
238.124492
251.287695
261.58548
270.552873
88.530652
97.443674
107.549657
120.285737
137.975174
163.154319
193.340173
219.397105
237.839842
251.000534
261.311036
270.290888
88.889491
97.821957
107.960844
120.737706
138.440002
163.492141
193.364811
219.186866
237.557777
250.714566
261.036841
270.028511
89.24995
98.201484
108.372671
121.18903
138.901723
163.825557
193.389997
218.980185
237.278272
250.429805
260.762921
269.765762
89.611906
98.582122
108.784979
121.639521
139.360152
164.154472
193.415585
218.776941
237.001301
250.146265
260.489295
269.502661
89.975238
98.963735
109.197611
122.088991
139.81511
164.478796
193.441436
218.577013
236.726832
249.863955
260.215983
269.239224
90.339825
99.346189
109.610407
122.537254
140.266425
164.798446
193.467412
218.380278
236.454831
249.582881
259.943002
268.975467
90.705544
99.729348
110.023211
122.984128
140.713928
165.113343
193.493382
218.186615
236.185259
249.303046
259.670368
268.711406
91.072271
100.113076
110.435864
123.42943
141.157458
165.423412
193.519217
217.995901
235.918075
249.024451
259.398093
268.447052
91.439883
100.497238
110.848209
123.872981
141.596858
165.728585
193.544794
217.808013
235.653236
248.747093
259.12619
268.18242
91.808255
100.881697
111.26009
124.314606
142.031976
166.028797
193.569992
217.622832
235.390696
248.470969
258.854667
267.917519
92.177263
101.266316
111.671351
124.75413
142.462667
166.323987
193.594696
217.440235
235.130407
248.196073
258.583533
267.652361
92.546782
101.650959
112.081835
125.191381
142.888791
166.614099
193.618793
217.260103
234.872318
247.922394
258.312796
267.386955
92.916687
102.03549
112.491388
125.62619
143.310212
166.899081
193.642174
217.082318
234.616378
247.649924
258.042461
267.121311
93.28685
102.419771
112.899856
126.058392
143.726802
167.178883
193.664735
216.906763
234.362534
247.378651
257.772532
266.855437
93.657147
102.803665
113.307085
126.487823
144.138435
167.45346
193.686375
216.733321
234.110731
247.10856
257.503013
266.58934
94.027451
103.187037
113.712923
126.914321
144.544991
167.722772
193.706996
216.561878
233.860915
246.839637
257.233906
266.32303
94.397634
103.569749
114.117219
127.33773
144.946358
167.986779
193.726504
216.392323
233.613029
246.571866
256.965215
266.056512
94.767571
103.951665
114.519822
127.757896
145.342425
168.245447
193.744808
216.224545
233.367016
246.30523
256.696938
265.789796
95.137133
104.332649
114.920582
128.174665
145.733088
168.498743
193.761822
216.058435
233.12282
246.03971
256.429079
265.522888
95.506194
104.712565
115.319352
128.58789
146.118247
168.746639
193.77746
215.893886
232.880382
245.77529
256.161636
265.255795
95.874626
105.091276
115.715985
128.997426
146.497808
168.989107
193.791642
215.730796
232.639647
245.511948
255.894609
264.988526
96.242301
105.468648
116.110336
129.40313
146.87168
169.226124
193.804291
215.569061
232.400556
245.249666
255.628
264.721089
96.609093
105.844546
116.502259
129.804864
147.239777
169.457669
193.815332
215.408583
232.163053
244.988424
255.361807
264.453493
96.974873
106.218835
116.891614
130.202493
147.602019
169.683723
193.824693
215.249264
231.927082
244.728202
255.096031
264.185745
97.339514
106.591382
117.278258
130.595883
147.958328
169.904271
193.832307
215.091009
231.692586
244.468979
254.830672
263.917858
97.702888
106.962052
117.662053
130.984906
148.308632
170.119297
193.838106
214.933727
231.45951
244.210737
254.56573
263.64984
98.064868
107.330714
118.042861
131.369437
148.652862
170.32879
193.84203
214.777328
231.227801
243.953456
254.301207
263.381704
98.425328
107.697235
118.420545
131.749354
148.990955
170.532741
193.844017
214.621725
230.997404
243.697116
254.037103
263.113462
98.784139
108.061483
118.794972
132.124538
149.322848
170.731141
193.844012
214.466834
230.768269
243.441699
253.773422
262.845128
99.141176
108.42333
119.166009
132.494874
149.648487
170.923985
193.841959
214.312573
230.540344
243.187187
253.510166
262.576717
99.496311
108.782643
119.533527
132.860251
149.967818
171.11127
193.837807
214.158865
230.31358
242.933564
253.247339
262.308245
99.849419
109.139297
119.897397
133.22056
150.280793
171.292992
193.831508
214.005632
230.087928
242.680812
252.984946
262.03973
100.200374
109.493161
120.257492
133.575696
150.587365
171.469153
193.823015
213.852803
229.863343
242.428917
252.722993
261.771191
100.54905
109.84411
120.613689
133.925558
150.887493
171.639753
193.812284
213.700306
229.639779
242.177864
252.461488
261.502649
100.895323
110.192018
120.965866
134.270049
151.181139
171.804797
193.799276
213.548074
229.417193
241.927641
252.200438
261.234125
101.239068
110.536761
121.313902
134.609074
151.468267
171.964288
193.783951
213.396044
229.195545
241.678236
251.939854
260.965646
101.580161
110.878216
121.657681
134.942542
151.748846
172.118234
193.766273
213.244153
228.974794
241.42964
251.679747
101.918479
111.216259
121.997088
135.270367
152.022847
172.266643
193.74621
213.092342
228.754904
241.181842
251.42013
102.2539
111.550772
122.332009
135.592463
152.290245
172.409524
193.72373
212.940557
228.53584
240.934837
251.161018
102.586302
111.881634
122.662335
135.90875
152.551016
172.546888
193.698805
212.788744
228.317568
240.688619
250.902427
102.915563
112.208728
122.987957
136.219153
152.805141
172.67875
193.67141
212.636854
228.100057
240.443184
250.644375
103.241564
112.531937
123.30877
136.523595
153.052605
172.805122
193.64152
212.48484
227.883279
240.198531
250.386883
103.564184
112.851147
123.624672
136.822009
153.293392
172.92602
193.609115
212.332658
227.667208
239.95466
250.129972
103.883305
113.166244
123.935561
137.114325
153.527492
173.041462
193.574176
212.180268
227.45182
239.711573
249.873666
104.198811
113.477118
124.241341
137.400482
153.754896
173.151466
193.536686
212.02763
227.237094
239.469274
249.617992
104.510583
113.783657
124.541917
137.680418
153.975599
173.256052
193.496633
211.874712
227.02301
239.22777
249.362978
104.818507
114.085754
124.837195
137.954076
154.189598
173.355243
193.454005
211.721481
226.809552
238.987069
249.108655
105.122468
114.383304
125.127087
138.221404
154.396891
173.449059
193.408792
211.567908
226.596707
238.747182
248.855055
105.422354
114.676201
125.411505
138.482349
154.59748
173.537527
193.360989
211.413968
226.384463
238.508122
248.602214
105.718051
114.964343
125.690366
138.736866
154.79137
173.620672
193.31059
211.259638
226.172812
238.269904
248.350169
106.00945
115.24763
125.963588
138.984909
154.978568
173.69852
193.257594
211.104899
225.961748
238.032547
248.09896
106.296441
115.525963
126.231093
139.226439
155.159081
173.771101
193.202001
210.949733
225.751268
237.79607
247.84863
106.578916
115.799247
126.492804
139.461417
155.332923
173.838444
193.143814
210.794127
225.541372
237.560496
247.599222
106.856769
116.067387
126.74865
139.689808
155.500105
173.900581
193.083039
210.638071
225.332062
237.32585
247.350785
107.129895
116.330291
126.99856
139.911582
155.660643
173.957544
193.019682
210.481557
225.123344
237.09216
247.103368
116.587869
127.242467
140.126708
155.814556
174.009369
192.953754
210.324581
224.915225
236.859456
246.857023
116.840034
127.480306
140.335163
155.961863
174.056091
192.885267
210.167141
224.707716
236.62777
246.611804
117.086702
127.712018
140.536924
156.102587
174.097746
192.814235
210.009239
224.500831
236.397139
246.36777
117.327788
127.937543
140.73197
156.236751
174.134374
192.740676
209.850879
224.294587
236.167599
246.12498
117.563214
128.156827
140.920286
156.364382
174.166016
192.664608
209.692069
224.089003
235.939192
245.883495
117.7929
128.369816
141.101858
156.485509
174.192711
192.586054
209.532819
223.884102
235.711959
245.643381
118.016773
128.576463
141.276675
156.600161
174.214505
192.505037
209.373143
223.679907
235.485948
245.404705
118.234759
128.776719
141.444729
156.708371
174.231441
192.421583
209.213057
223.476448
235.261205
245.167535
118.446788
128.970543
141.606016
156.810173
174.243565
192.335721
209.05258
223.273755
235.037781
244.931944
118.652793
129.157893
141.760533
156.905604
174.250926
192.247482
208.891735
223.071861
234.81573
244.698006
118.852708
129.338733
141.90828
156.994701
174.253572
192.1569
208.730548
222.870803
234.595107
244.465797
119.046473
129.513028
142.049263
157.077506
174.251555
192.064009
208.569045
222.670619
234.375971
244.235397
119.234028
129.680748
142.183486
157.154059
174.244927
191.968848
208.407258
222.471352
234.15838
244.006884
119.415316
129.841863
142.310959
157.224405
174.233741
191.871457
208.245221
222.273047
233.9424
243.780344
119.590284
129.99635
142.431693
157.28859
174.218054
191.771878
208.08297
222.075749
233.728094
243.555859
119.758881
130.144185
142.545702
157.346661
174.197921
191.670156
207.920545
221.87951
233.51553
243.333519
119.92106
130.28535
142.653005
157.398668
174.173403
191.566337
207.757987
221.684381
233.304778
243.11341
120.076775
130.419829
142.75362
157.444663
174.144558
191.460472
207.595341
221.490417
233.095909
242.895623
120.225986
130.54761
142.84757
157.484698
174.111449
191.35261
207.432655
221.297676
232.888999
242.680252
120.368653
130.668682
142.93488
157.518829
174.074139
191.242807
207.269978
221.106218
232.684121
242.467389
120.504741
130.783038
143.015578
157.547112
174.032693
191.131117
207.107363
220.916105
232.481356
242.257129
120.634217
130.890676
143.089692
157.569606
173.987178
191.017598
206.944865
220.727402
232.280782
242.04957
120.757052
130.991594
143.157257
157.586371
173.93766
190.90231
206.782542
220.540175
232.082481
241.844809
120.873219
131.085796
143.218307
157.597469
173.884211
190.785315
206.620453
220.354494
231.886537
241.642946
120.982697
131.173285
143.27288
157.602965
173.8269
190.666677
206.458661
220.17043
231.693034
241.444081
121.085464
131.254072
143.321016
157.602923
173.7658
190.546463
206.29723
219.988057
231.50206
241.248314
121.181504
131.328167
143.362757
157.597412
173.700986
190.424739
206.136228
219.807449
231.313701
241.055747
121.270804
131.395585
143.398148
157.586498
173.632532
190.301576
205.975722
219.628684
231.128048
240.866484
121.353354
131.456344
143.427237
157.570254
173.560516
190.177046
205.815785
219.451841
230.945192
240.680626
121.429147
131.510464
143.450074
157.548751
173.485016
190.051222
205.65649
219.277001
230.765223
240.498279
121.498179
131.557969
143.466709
157.522063
173.406111
189.92418
205.497911
219.104246
230.588234
240.319544
121.560452
131.598885
143.477197
157.490264
173.323883
189.795996
205.340126
218.933661
230.41432
240.144527
121.615967
131.633242
143.481595
157.453432
173.238413
189.666749
205.183214
218.765331
230.243575
239.973332
121.664731
131.661071
143.47996
157.411644
173.149787
189.53652
205.027255
218.599343
230.076095
239.806061
121.706755
131.682409
143.472355
157.364981
173.058088
189.405391
204.872331
218.435785
229.911974
239.642819
121.742051
131.697293
143.458841
157.313522
172.963402
189.273445
204.718527
218.274746
229.75131
239.48371
121.770636
131.705764
143.439484
157.25735
172.865816
189.140766
204.565928
218.116318
229.594198
239.328834
121.79253
131.707866
143.41435
157.196549
172.76542
189.007441
204.414621
217.960592
229.440737
239.178296
121.807757
131.703644
143.383508
157.131204
172.662302
188.873558
204.264694
217.80766
229.291023
239.032195
121.816343
131.693149
143.347029
157.0614
172.556553
188.739205
204.116236
217.657615
229.145153
238.890632
121.818319
131.676432
143.304986
156.987224
172.448263
188.604471
203.969339
217.510552
229.003224
238.753707
121.813716
131.653547
143.257452
156.908765
172.337525
188.469449
203.824094
217.366565
228.865333
238.621517
121.802573
131.624551
143.204505
156.826112
172.224432
188.334229
203.680593
217.225748
228.731576
238.49416
121.784928
131.589505
143.146221
156.739355
172.109078
188.198905
203.53893
217.088198
228.602049
238.37173
121.760825
131.548469
143.082681
156.648584
171.991557
188.063571
203.399199
216.954011
228.476848
238.254321
121.73031
131.501508
143.013965
156.553893
171.871963
187.92832
203.261497
216.823281
228.356068
238.142026
121.693433
131.448689
142.940155
156.455373
171.750393
187.793248
203.125918
216.696105
228.239802
238.034934
121.650245
131.390081
142.861336
156.353118
171.626942
187.658451
202.992558
216.572579
228.128143
237.933135
121.600803
131.325755
142.777592
156.247221
171.501707
187.524025
202.861515
216.452798
228.021183
237.836714
121.545165
131.255785
142.689011
156.137778
171.374784
187.390066
202.732885
216.336859
227.919014
237.745756
121.483392
131.180246
142.595678
156.024882
171.246271
187.256672
202.606766
216.224856
227.821725
237.660343
121.41555
131.099215
142.497683
155.90863
171.116264
187.123941
202.483255
216.116885
227.729404
237.580555
121.341705
131.012771
142.395116
155.789116
170.98486
186.991969
202.362449
216.013039
227.642138
237.506469
121.261927
130.920997
142.288067
155.666437
170.852157
186.860854
202.244447
215.913412
227.560013
237.438161
121.176289
130.823974
142.176627
155.540688
170.718251
186.730693
202.129346
215.818098
227.483112
237.375702
121.084867
130.721787
142.060888
155.411965
170.58324
186.601586
202.017242
215.727188
227.411518
237.319163
120.987738
130.614523
141.940942
155.280364
170.44722
186.473628
201.908234
215.640773
227.345311
237.268609
120.884983
130.502268
141.816884
155.145981
170.310286
186.346917
201.802417
215.558945
227.284569
237.224107
120.776684
130.385113
141.688806
155.00891
170.172536
186.22155
201.699887
215.481791
227.229369
237.185716
120.662926
130.263146
141.556801
154.869248
170.034063
186.097623
201.600742
215.409401
227.179786
237.153496
120.543796
130.136458
141.420965
154.727088
169.894964
185.975233
201.505074
215.341861
227.135891
237.127502
120.419384
130.005144
141.281392
154.582525
169.755331
185.854475
201.41298
215.279257
227.097756
237.107787